000001 785.62 152.38 16.65 23.09
000001 663.28 144.87 4.69 82.04
000001 669.50 170.04 9.84 39.07
000001 788.87 153.98 17.68 21.74
000001 788.87 153.98 17.68 21.74
000001 788.94 146.74 17.86 21.52
000001 656.09 59.44 4.09 93.92
000001 782.71 150.82 16.30 23.58
000001 781.24 144.43 16.36 23.50
000001 781.24 144.43 16.36 23.50
000001 845.97 49.18 24.39 15.76
000001 653.15 134.78 4.76 80.71
000001 780.24 122.56 17.18 22.37
000001 651.61 61.81 4.66 82.49
000001 651.08 161.33 5.02 76.63
000001 1164.55 100.15 46.16 8.33
000001 791.09 222.34 29.18 13.17
000001 650.58 154.19 4.84 79.47
000001 1151.56 41.93 39.04 9.84
000001 1151.56 41.93 39.04 9.84
000001 795.53 163.41 18.65 20.61
000001 112.13 42.48 49.42 7.78
000001 114.14 171.95 49.43 7.78
000001 641.88 161.53 5.00 76.91
000001 773.29 150.70 16.17 23.77
000001 641.80 153.74 5.10 75.36
000001 641.31 136.07 5.04 76.25
000001 638.49 52.48 4.19 91.82
000001 148.62 180.15 46.49 8.27
000001 637.33 133.61 5.18 74.26
000001 637.33 133.61 5.18 74.26
000001 636.03 103.29 4.89 78.53
000001 635.17 143.45 5.38 71.49
000001 634.03 162.22 5.23 73.50
000001 633.43 135.27 5.16 74.55
000001 633.14 152.90 5.22 73.66
000001 633.14 152.90 5.22 73.66
000001 629.61 157.62 5.39 71.33
000001 770.96 209.66 30.04 12.80
000001 628.90 133.28 5.21 73.76
000001 174.56 179.47 43.66 8.80
000001 844.68 89.24 24.64 15.60
000001 623.54 130.33 5.27 72.97
000001 177.00 174.52 42.20 9.11
000001 621.33 133.86 5.81 66.19
000001 620.33 143.61 5.79 66.37
000001 190.73 173.28 40.88 9.40
000001 619.02 143.07 4.48 85.71
000001 769.36 117.91 16.49 23.31
000001 617.63 135.77 5.43 70.81
000001 617.53 64.16 4.76 80.67
000001 617.53 64.16 4.76 80.67
000001 207.07 171.76 40.28 9.54
000001 798.25 130.42 17.93 21.44
000001 617.47 130.09 5.38 71.44
000001 614.14 130.38 5.55 69.29
000001 611.48 141.20 5.52 69.58
000001 609.85 118.53 5.68 67.64
000001 609.69 149.31 5.62 68.35
000001 608.08 137.06 5.65 68.05
000001 607.72 99.25 5.49 69.97
000001 605.45 147.13 5.85 65.68
000001 604.38 214.23 13.80 27.86
000001 604.21 172.25 5.97 64.37
000001 596.87 136.40 5.91 64.99
000001 876.97 208.08 28.09 13.68
000001 876.97 208.08 28.09 13.68
000001 595.47 127.87 6.20 61.96
000001 595.47 127.87 6.20 61.96
000001 592.59 79.86 5.89 65.30
000001 592.33 60.91 5.05 76.09
000001 235.54 154.10 37.58 10.23
000001 591.86 140.90 5.71 67.31
000001 590.87 170.26 6.17 62.32
000001 590.56 131.05 6.15 62.47
000001 242.15 206.60 36.83 10.44
000001 242.15 206.60 36.83 10.44
000001 242.64 223.27 36.90 10.42
000001 242.64 223.27 36.90 10.42
000001 589.43 158.80 5.83 65.96
000001 760.39 217.79 29.78 12.91
000001 584.28 94.96 -7.15 -53.77
000001 247.62 159.30 36.53 10.52
000001 759.51 168.85 15.57 24.68
000001 582.59 149.41 6.16 62.44
000001 582.40 119.87 6.22 61.76
000001 582.40 119.87 6.22 61.76
000001 582.40 119.87 6.22 61.76
000001 759.51 168.85 15.57 24.68
000001 258.33 181.50 36.47 10.54
000001 258.33 181.50 36.47 10.54
000001 258.96 163.55 34.79 11.05
000001 577.84 152.39 6.64 57.87
000001 270.63 171.43 32.83 11.71
000001 273.23 178.10 33.82 11.37
000001 276.80 175.17 33.88 11.34
000001 574.66 172.53 6.41 59.96
000001 570.26 150.52 6.81 56.42
000001 279.22 163.14 33.41 11.50
000001 567.73 146.91 6.80 56.49
000001 279.59 169.04 33.58 11.45
000001 747.71 169.84 14.26 26.96
000001 566.23 164.03 6.74 57.05
000001 562.58 107.78 6.69 57.49
000001 892.97 16.24 30.76 12.49
000001 284.25 167.83 33.48 11.48
000001 559.93 46.87 5.49 69.96
000001 288.86 158.92 31.12 12.35
000001 292.83 127.00 30.98 12.41
000001 844.41 45.40 -17.79 -21.60
000001 557.87 172.32 7.24 53.11
000001 557.09 136.92 7.53 51.08
000001 555.08 140.19 7.62 50.42
000001 800.90 128.81 20.58 18.68
000001 554.37 44.60 5.38 71.50
000001 551.90 65.09 6.12 62.84
000001 551.32 45.60 4.86 79.07
000001 551.14 149.33 7.52 51.10
000001 298.58 169.96 30.83 12.47
000001 550.23 89.13 7.15 53.78
000001 546.92 113.60 8.27 46.51
000001 546.42 92.26 7.39 52.02
000001 1084.70 27.27 -136.48 -2.82
000001 544.89 108.48 7.88 48.80
000001 543.50 137.29 8.37 45.92
000001 803.79 84.74 19.23 19.98
000001 543.50 137.29 8.37 45.92
000001 804.93 148.40 19.59 19.62
000001 304.87 166.63 30.72 12.51
000001 306.00 177.48 31.61 12.16
000001 306.00 177.48 31.61 12.16
000001 540.39 105.59 8.34 46.11
000001 731.39 76.98 10.60 36.25
000001 307.78 173.95 30.72 12.51
000001 307.98 158.28 30.66 12.54
000001 540.30 166.34 8.67 44.32
000001 310.10 169.16 30.80 12.48
000001 1071.76 59.64 39.36 9.77
000001 893.54 70.57 30.89 12.44
000001 534.99 171.03 9.21 41.75
000001 726.14 183.65 28.99 13.26
000001 534.99 171.03 9.21 41.75
000001 806.18 137.83 19.76 19.45
000001 532.71 103.60 9.34 41.16
000001 531.10 181.03 10.07 38.16
000001 529.98 99.61 9.36 41.07
000001 528.23 149.63 11.00 34.94
000001 528.23 149.63 11.00 34.94
000001 323.95 143.00 28.74 13.37
000001 527.71 48.50 14.71 26.13
000001 526.92 134.33 9.78 39.32
000001 1052.57 266.20 86.23 4.46
000001 526.85 196.12 10.96 35.07
000001 327.65 146.55 28.83 13.33
000001 328.57 54.38 29.18 13.17
000001 525.27 163.76 10.04 38.27
000001 524.70 87.57 9.63 39.91
000001 524.66 140.40 10.84 35.45
000001 523.43 45.59 10.43 36.85
000001 333.44 184.41 28.37 13.55
000001 336.81 90.03 29.53 13.02
000001 336.93 183.92 27.41 14.02
000001 337.23 143.40 27.10 14.19
000001 523.43 45.59 10.43 36.85
000001 522.95 169.88 11.03 34.86
000001 522.88 166.89 10.48 36.67
000001 522.59 76.04 9.72 39.55
000001 342.45 146.58 26.90 14.29
000001 522.58 29.65 8.43 45.59
000001 343.14 104.42 29.73 12.93
000001 343.14 104.42 29.73 12.93
000001 522.58 29.65 8.43 45.59
000001 343.54 134.43 -80.20 -4.79
000001 343.54 134.43 26.81 14.34
000001 343.55 132.42 26.66 14.42
000001 343.55 132.42 26.66 14.42
000001 344.18 92.55 29.53 13.02
000001 522.38 71.70 9.64 39.87
000001 520.45 89.76 10.11 38.02
000001 519.34 31.80 8.95 42.95
000001 716.61 264.01 29.47 13.04
000001 519.34 31.80 8.95 42.95
000001 347.37 108.35 30.04 12.80
000001 1048.37 41.05 39.66 9.69
000001 517.72 20.69 8.75 43.93
000001 350.38 89.84 29.30 13.12
000001 350.77 143.92 25.93 14.82
000001 353.60 99.86 29.07 13.22
000001 353.76 79.63 -147.19 -2.61
000001 517.14 17.00 9.14 42.08
000001 515.47 66.48 10.41 36.94
000001 514.49 143.72 11.43 33.63
000001 361.56 78.03 26.60 14.45
000001 514.08 122.94 11.07 34.71
000001 514.08 122.94 11.07 34.71
000001 513.95 134.01 11.65 33.00
000001 363.85 141.78 25.38 15.15
000001 513.10 38.64 10.86 35.39
000001 512.60 180.75 11.48 33.48
000001 511.65 41.44 10.70 35.92
000001 811.17 258.81 31.02 12.39
000001 895.04 20.32 30.54 12.58
000001 502.35 124.10 11.72 32.80
000001 501.11 148.81 12.54 30.65
000001 500.99 134.56 12.61 30.48
000001 498.83 40.99 11.94 32.20
000001 682.95 213.11 22.59 17.01
000001 497.27 118.75 11.92 32.23
000001 374.09 89.22 24.00 16.02
000001 496.81 12.88 13.37 28.75
000001 496.70 119.13 11.35 33.85
000001 496.35 142.20 13.27 28.96
000001 377.22 134.28 23.95 16.05
000001 811.17 258.81 31.02 12.39
000001 491.03 93.15 13.15 29.23
000001 489.81 28.40 13.22 29.08
000001 380.62 46.58 -7.60 -50.54
000001 381.68 95.57 23.52 16.34
000001 702.78 101.17 5.40 71.16
000001 383.10 92.03 -6.60 -58.28
000001 384.09 143.51 23.03 16.69
000001 384.59 95.79 21.65 17.75
000001 702.78 101.17 5.40 71.16
000001 387.23 86.13 22.15 17.35
000001 483.84 13.70 13.35 28.80
000001 387.97 241.20 48.11 7.99
000001 483.54 108.55 13.77 27.92
000001 813.08 127.85 16.82 22.86
000001 483.36 138.56 14.03 27.41
000001 389.42 128.03 72.67 5.29
000001 389.79 39.94 23.07 16.66
000001 813.94 148.15 20.20 19.03
000001 481.94 159.81 12.96 29.65
000001 822.04 56.98 21.74 17.68
000001 479.01 60.70 13.79 27.87
000001 478.97 159.87 14.54 26.44
000001 398.13 144.56 21.69 17.72
000001 398.22 58.77 21.22 18.11
000001 399.38 95.71 21.62 17.78
000001 400.55 47.90 21.14 18.18
000001 478.13 22.99 14.12 27.23
000001 402.10 52.89 21.42 17.95
000001 403.48 209.20 43.65 8.81
000001 403.68 79.51 22.32 17.22
000001 404.24 191.66 42.27 9.09
000001 408.12 163.93 22.52 17.07
000001 478.13 22.99 14.12 27.23
000001 409.21 59.39 20.98 18.32
000001 478.11 129.24 33.13 11.60
000001 412.22 233.10 46.06 8.34
000001 412.62 64.54 20.07 19.15
000001 413.16 74.04 19.89 19.32
000001 413.34 93.52 19.82 19.39
000001 476.79 106.07 14.55 26.42
000001 413.92 59.20 19.92 19.30
000001 476.01 57.70 14.26 26.95
000001 414.59 51.77 20.27 18.96
000001 416.70 3.61 19.74 19.48
000001 817.01 259.44 31.16 12.33
000001 470.06 22.29 15.07 25.51
000001 419.98 193.97 41.36 9.29
000001 419.98 193.97 41.36 9.29
000001 422.13 68.43 19.60 19.61
000001 422.34 11.68 19.00 20.23
000001 468.79 159.61 15.35 25.04
000001 422.54 100.88 19.63 19.58
000001 422.78 146.51 19.43 19.78
000001 422.78 146.51 19.43 19.78
000001 901.47 14.13 31.20 12.32
000001 423.67 59.51 19.29 19.93
000001 686.80 238.43 22.79 16.87
000001 424.74 109.81 19.20 20.02
000001 426.41 158.54 19.13 20.10
000001 466.78 102.63 15.31 25.11
000001 904.92 9.09 33.02 11.64
000001 427.43 57.72 18.99 20.24
000001 427.43 57.72 18.99 20.24
000001 904.92 9.09 33.02 11.64
000001 428.21 267.54 43.61 8.81
000001 428.21 267.54 43.61 8.81
000001 429.56 133.71 18.90 20.34
000001 429.62 34.41 18.67 20.59
000001 430.06 162.10 18.87 20.37
000001 466.05 57.20 15.04 25.55
000001 688.92 162.12 5.21 73.79
000001 463.81 131.81 15.71 24.47
000001 463.81 131.81 15.71 24.47
000001 431.73 38.44 18.40 20.89
000001 689.58 157.88 5.42 70.92
000001 433.38 127.03 18.82 20.42
000001 462.74 22.98 15.80 24.32
000001 436.55 131.30 18.26 21.05
000001 436.79 85.89 18.99 20.24
000001 438.76 111.42 18.57 20.70
000001 438.76 111.42 18.57 20.70
000001 439.47 122.88 18.29 21.01
000001 440.24 147.38 17.89 21.49
000001 441.59 157.91 17.85 21.53
000001 441.93 35.93 16.76 22.93
000001 442.71 124.10 17.48 21.99
000001 443.66 131.89 17.77 21.63
000001 461.34 9.82 15.57 24.68
000001 444.57 116.06 18.28 21.02
000001 444.70 120.95 17.83 21.55
000001 445.98 91.57 18.43 20.85
000001 691.79 81.19 6.79 56.61
000001 446.68 66.64 18.19 21.14
000001 449.15 110.69 18.33 20.97
000001 449.34 95.63 18.76 20.49
000001 449.34 95.63 18.76 20.49
000001 456.49 94.82 18.52 20.76
000001 449.99 133.35 16.99 22.62
000001 450.03 89.54 18.63 20.63
000001 450.03 89.54 18.63 20.63
000001 450.21 47.48 16.52 23.27
000001 450.21 47.48 16.52 23.27
000001 450.74 157.82 17.14 22.42
000001 921.02 74.09 34.87 11.02
000001 453.51 51.41 16.20 23.73
000001 453.72 91.67 18.52 20.76
000001 454.87 47.27 16.47 23.33
000001 665.54 129.01 4.47 86.04
000001 459.18 108.25 19.05 20.18
000001 847.12 88.13 24.55 15.66
000001 460.54 57.62 15.97 24.08
000001 660.51 186.19 12.29 31.26
000001 659.37 133.10 4.57 84.11
000001 436.60 180.92 18.70 20.55
000001 671.83 149.87 4.47 86.03
000001 463.84 65.94 14.43 26.65
000001 952.98 137.73 38.89 9.88
000001 465.06 123.46 16.11 23.86
000001 431.10 59.90 19.03 20.20
000001 466.32 231.18 33.15 11.59
000001 427.67 285.91 43.56 8.82
000001 466.78 157.08 15.54 24.73
000001 424.65 233.20 41.46 9.27
000001 954.29 138.99 40.19 9.56
000001 417.57 280.45 45.75 8.40
000001 470.97 62.03 33.66 11.42
000001 472.34 61.95 14.85 25.89
000001 132.72 29.52 47.92 8.02
000001 145.31 41.63 45.46 8.46
000001 640.99 144.13 4.47 85.90
000001 1135.35 47.97 39.22 9.80
000001 676.02 137.72 4.26 90.13
000001 637.44 138.87 5.22 73.67
000001 677.91 150.52 4.22 91.06
000001 896.84 77.67 31.08 12.37
000001 495.66 129.56 11.57 33.23
000001 496.33 260.85 29.49 13.03
000001 376.65 236.66 49.03 7.84
000001 375.68 249.75 50.00 7.69
000001 375.68 249.75 50.00 7.69
000001 371.40 226.05 48.76 7.88
000001 367.61 244.23 48.32 7.95
000001 896.48 68.72 73.91 5.20
000001 506.43 119.54 11.20 34.32
000001 620.42 127.64 5.41 71.08
000001 620.42 127.64 5.41 71.08
000001 511.38 127.18 11.38 33.78
000001 361.64 130.12 25.36 15.16
000001 515.28 139.80 10.71 35.88
000001 203.22 182.00 -71.18 -5.40
000001 204.44 63.08 40.33 9.53
000001 206.09 157.41 40.62 9.46
000001 677.91 150.52 4.22 91.06
000001 614.18 218.36 13.84 27.77
000001 768.72 194.01 26.71 14.39
000001 520.36 187.00 11.17 34.42
000001 345.38 236.61 49.02 7.84
000001 345.33 183.83 26.05 14.76
000001 614.07 293.99 38.60 9.96
000001 217.24 184.72 38.97 9.86
000001 217.24 184.72 38.97 9.86
000001 217.45 59.89 38.89 9.88
000001 331.40 11.35 28.80 13.35
000001 331.07 241.81 49.27 7.80
000001 331.07 241.81 49.27 7.80
000001 608.57 162.85 5.57 69.04
000001 526.64 158.89 10.05 38.25
000001 218.20 179.28 39.04 9.85
000001 608.05 120.72 5.70 67.42
000001 607.79 152.82 5.79 66.35
000001 226.95 191.84 38.27 10.04
000001 607.23 84.07 4.94 77.75
000001 605.81 83.60 4.82 79.67
000001 536.81 186.97 8.94 43.00
000001 536.81 186.97 8.94 43.00
000001 604.32 180.29 6.01 63.94
000001 228.79 184.32 38.51 9.98
000001 731.48 57.92 11.57 33.23
000001 596.98 120.86 5.97 64.41
000001 232.58 171.54 37.88 10.15
000001 232.58 171.54 37.88 10.15
000001 595.92 110.35 5.47 70.22
000001 594.60 169.91 6.08 63.25
000001 593.30 123.23 6.14 62.60
000001 236.31 191.50 37.58 10.23
000001 236.31 191.50 37.58 10.23
000001 236.31 191.50 37.58 10.23
000001 242.82 158.20 36.94 10.40
000001 800.05 138.01 19.59 19.62
000001 576.66 182.40 6.53 58.84
000001 583.32 110.90 6.37 60.31
000001 248.97 191.91 36.43 10.55
000001 668.41 110.97 4.53 84.91
000001 844.63 147.83 24.35 15.78
000001 455.89 154.27 16.77 22.92
000001 883.59 145.00 29.31 13.11
000001 457.15 269.07 33.70 11.40
000001 846.98 94.64 -18.78 -20.47
000001 560.57 170.11 6.71 57.24
000001 560.57 170.11 6.71 57.24
000001 431.25 234.41 42.23 9.10
000001 464.56 227.04 32.82 11.71
000001 464.56 227.04 32.82 11.71
000001 698.54 112.60 9.18 41.87
000001 388.84 297.73 38.37 10.02
000001 856.08 44.02 26.82 14.33
000001 769.54 217.97 29.00 13.25
000001 189.72 61.07 40.89 9.40
000001 612.18 145.96 5.95 64.65
000001 612.18 145.96 5.95 64.65
000001 360.34 210.53 37.62 10.22
000001 632.89 149.07 5.32 72.23
000001 682.10 160.29 4.92 78.09
000001 680.22 134.53 4.44 86.63
000001 339.70 239.74 49.11 7.83
000002 662.60 97.00 30.38 12.47
000002 1206.41 24.55 20.94 18.09
000002 664.31 84.87 30.64 12.36
000002 445.89 27.02 25.15 15.06
000002 662.60 97.00 30.38 12.47
000002 665.55 258.95 29.16 12.99
000002 1193.21 235.79 57.13 6.63
000002 453.34 29.79 25.68 14.75
000002 1190.68 239.86 58.21 6.51
000002 1190.68 239.86 58.21 6.51
000002 666.97 59.20 26.01 14.56
000002 457.51 270.93 34.15 11.09
000002 458.60 154.78 25.15 15.06
000002 459.12 144.71 25.41 14.91
000002 460.91 96.66 25.39 14.92
000002 662.11 101.33 30.33 12.49
000002 1148.48 53.59 27.42 13.82
000002 1135.90 53.12 27.39 13.83
000002 1133.02 56.67 27.76 13.64
000002 1131.20 63.93 28.21 13.43
000002 676.85 58.73 26.24 14.44
000002 465.74 238.12 25.02 15.14
000002 1111.41 324.98 52.25 7.25
000002 1109.01 334.57 54.27 6.98
000002 1108.13 41.79 20.58 18.40
000002 681.93 58.80 26.25 14.43
000002 470.01 242.87 24.95 15.18
000002 470.01 242.87 24.95 15.18
000002 470.26 35.11 25.41 14.90
000002 1097.36 67.89 27.65 13.70
000002 1096.38 87.74 27.47 13.79
000002 1096.38 87.74 27.47 13.79
000002 1094.35 344.20 60.10 6.30
000002 1093.15 295.92 65.02 5.83
000002 1092.05 31.74 20.40 18.57
000002 1091.47 29.91 19.82 19.11
000002 426.94 251.32 27.78 13.64
000002 1075.62 353.07 62.26 6.08
000002 472.33 154.71 25.37 14.93
000002 1074.56 56.88 27.70 13.68
000002 472.43 138.13 25.43 14.90
000002 1071.78 53.99 27.71 13.67
000002 1066.94 51.91 27.46 13.80
000002 472.75 178.74 25.34 14.95
000002 426.01 226.25 24.18 15.67
000002 473.14 38.39 25.55 14.82
000002 1057.70 242.25 31.85 11.89
000002 1056.96 51.07 28.35 13.36
000002 473.27 12.15 25.66 14.76
000002 687.32 58.97 26.37 14.36
000002 473.43 106.39 25.43 14.89
000002 1045.37 100.76 21.65 17.50
000002 473.49 100.92 25.43 14.90
000002 1040.04 251.03 31.69 11.95
000002 1040.04 251.03 31.69 11.95
000002 689.47 56.26 26.22 14.44
000002 1039.43 238.98 32.22 11.75
000002 473.63 117.89 25.52 14.84
000002 1030.14 26.80 15.93 23.78
000002 1028.87 74.60 27.42 13.81
000002 1027.25 13.80 16.58 22.84
000002 473.67 26.14 25.59 14.80
000002 1023.30 217.91 32.53 11.64
000002 1022.78 39.37 16.56 22.88
000002 473.87 81.34 25.45 14.89
000002 660.68 356.00 60.80 6.23
000002 474.11 237.59 24.71 15.33
000002 1013.94 220.27 32.41 11.69
000002 1013.29 34.17 16.69 22.69
000002 474.77 220.34 25.20 15.03
000002 660.68 356.00 60.80 6.23
000002 1011.01 17.78 16.22 23.36
000002 477.30 322.24 49.50 7.65
000002 477.47 68.54 25.21 15.02
000002 1003.59 30.06 15.50 24.44
000002 477.47 68.54 25.21 15.02
000002 477.60 54.28 25.32 14.96
000002 1002.14 24.90 15.22 24.88
000002 417.48 216.72 25.44 14.89
000002 478.50 64.45 25.50 14.85
000002 692.51 308.39 45.90 8.25
000002 997.00 58.73 27.52 13.76
000002 692.60 245.26 26.46 14.32
000002 996.10 23.05 15.04 25.18
000002 994.28 55.66 27.64 13.70
000002 479.44 273.83 35.17 10.77
000002 992.60 158.86 32.46 11.67
000002 479.70 58.18 25.32 14.96
000002 991.14 28.96 15.34 24.69
000002 481.43 48.04 25.11 15.09
000002 990.63 59.08 27.62 13.72
000002 481.43 48.04 25.11 15.09
000002 989.58 190.44 32.72 11.58
000002 987.80 55.92 27.99 13.53
000002 482.26 106.94 25.05 15.12
000002 697.33 225.56 26.23 14.44
000002 484.46 238.01 24.43 15.51
000002 486.07 111.34 24.98 15.16
000002 980.11 67.77 27.17 13.94
000002 486.11 74.42 25.01 15.15
000002 978.09 58.93 27.60 13.73
000002 697.81 235.26 26.04 14.54
000002 413.19 293.74 40.76 9.29
000002 698.03 252.79 25.50 14.86
000002 489.16 282.30 37.65 10.06
000002 969.70 16.34 12.69 29.86
000002 969.38 301.60 65.95 5.74
000002 413.15 307.32 45.35 8.35
000002 967.32 342.69 -60.03 -6.31
000002 965.54 59.67 27.72 13.67
000002 492.43 51.69 24.52 15.45
000002 701.07 224.98 26.13 14.50
000002 964.05 80.71 27.46 13.79
000002 964.05 80.71 27.46 13.79
000002 497.87 225.02 27.70 13.67
000002 502.69 53.48 24.05 15.75
000002 151.00 7.55 23.15 16.36
000002 954.18 19.25 15.16 24.99
000002 504.55 85.90 25.63 14.78
000002 950.73 114.99 24.66 15.36
000002 947.80 58.88 27.60 13.72
000002 509.04 52.55 22.16 17.09
000002 940.39 273.06 35.00 10.82
000002 518.44 155.56 21.00 18.04
000002 704.93 213.73 25.92 14.61
000002 704.93 213.73 25.92 14.61
000002 313.48 198.90 45.17 8.39
000002 527.94 74.93 -534.69 -0.71
000002 528.54 74.13 25.07 15.11
000002 706.14 250.28 25.55 14.82
000002 706.14 250.28 25.55 14.82
000002 706.75 207.80 26.09 14.52
000002 529.31 272.09 34.80 10.88
000002 530.23 227.61 29.24 12.95
000002 706.77 83.20 26.10 14.51
000002 534.52 61.09 25.71 14.73
000002 534.52 61.09 25.71 14.73
000002 912.99 241.63 37.78 10.03
000002 536.45 54.63 25.39 14.92
000002 536.45 54.63 25.39 14.92
000002 537.48 111.16 24.57 15.42
000002 904.49 272.67 35.35 10.72
000002 175.72 9.01 23.48 16.13
000002 538.01 74.17 25.38 14.93
000002 399.85 151.41 24.94 15.19
000002 895.05 277.82 37.24 10.17
000002 895.05 277.82 37.24 10.17
000002 653.24 62.39 26.06 14.54
000002 709.31 212.18 25.84 14.66
000002 710.35 256.92 25.72 14.73
000002 712.31 216.30 25.91 14.62
000002 547.10 347.29 58.06 6.52
000002 712.94 253.43 24.86 15.23
000002 549.19 334.65 53.93 7.02
000002 880.39 239.31 30.18 12.55
000002 648.46 71.36 26.06 14.54
000002 647.24 135.88 25.82 14.67
000002 647.23 105.97 25.82 14.67
000002 646.96 163.32 25.74 14.72
000002 717.50 61.76 25.98 14.58
000002 646.96 163.32 25.74 14.72
000002 718.18 221.50 26.16 14.48
000002 718.78 244.82 25.81 14.68
000002 719.66 58.86 26.31 14.39
000002 720.38 62.11 26.47 14.31
000002 724.13 212.55 27.32 13.87
000002 559.40 59.87 25.43 14.89
000002 559.40 59.87 25.43 14.89
000002 559.40 177.89 21.49 17.63
000002 725.30 58.50 26.44 14.33
000002 565.46 63.69 25.59 14.80
000002 567.85 177.96 20.86 18.16
000002 568.74 83.53 25.50 14.86
000002 390.59 58.49 25.06 15.11
000002 390.59 58.49 25.06 15.11
000002 842.78 235.57 27.08 13.99
000002 842.78 235.57 27.08 13.99
000002 841.14 244.00 26.49 14.30
000002 839.76 199.46 30.07 12.60
000002 575.13 63.42 26.09 14.52
000002 646.24 210.15 25.51 14.85
000002 575.53 69.56 25.51 14.85
000002 575.53 69.56 25.51 14.85
000002 296.69 37.88 24.44 15.50
000002 577.04 59.41 25.54 14.83
000002 582.15 63.10 25.80 14.68
000002 583.64 60.34 25.53 14.84
000002 583.79 173.98 25.95 14.60
000002 584.15 203.47 25.34 14.95
000002 584.56 111.43 72.00 5.26
000002 584.88 187.35 23.07 16.42
000002 584.88 187.35 23.07 16.42
000002 585.45 73.91 25.57 14.81
000002 587.26 60.16 25.94 14.60
000002 587.63 63.32 26.17 14.47
000002 590.58 105.49 25.49 14.86
000002 381.27 56.92 25.02 15.14
000002 732.65 362.67 63.32 5.98
000002 824.13 239.77 30.80 12.30
000002 823.49 258.77 31.70 11.95
000002 821.67 249.11 30.38 12.47
000002 820.48 217.92 29.95 12.65
000002 229.99 58.33 23.84 15.89
000002 229.99 58.33 23.84 15.89
000002 820.48 217.92 29.95 12.65
000002 597.22 76.14 25.45 14.88
000002 597.39 99.68 25.44 14.89
000002 819.05 192.15 30.85 12.28
000002 819.05 192.15 30.85 12.28
000002 817.39 104.15 31.08 12.19
000002 815.97 221.99 30.18 12.55
000002 599.78 211.34 25.39 14.92
000002 736.38 230.15 25.83 14.67
000002 737.88 226.72 26.12 14.50
000002 608.21 202.82 20.94 18.09
000002 370.98 39.04 24.84 15.25
000002 614.66 256.13 27.12 13.97
000002 805.48 184.73 30.77 12.31
000002 743.88 225.08 26.03 14.55
000002 746.39 230.65 26.16 14.48
000002 748.64 235.05 26.31 14.40
000002 748.71 226.85 26.12 14.50
000002 644.89 90.22 25.82 14.67
000002 624.52 199.35 20.65 18.34
000002 624.81 194.04 20.62 18.37
000002 625.81 59.87 26.11 14.51
000002 632.68 339.10 55.38 6.84
000002 644.67 75.90 25.81 14.67
000002 774.49 245.84 27.86 13.60
000002 637.31 59.79 25.74 14.71
000002 764.38 236.41 26.49 14.30
000002 762.12 232.80 26.28 14.42
000002 640.57 100.94 25.57 14.81
000002 761.51 239.71 26.44 14.33
000002 640.95 75.11 26.01 14.57
000002 642.56 62.86 26.07 14.53
000002 758.97 227.33 26.15 14.48
000002 756.92 229.64 26.23 14.44
000002 642.72 182.10 26.40 14.35
000002 642.78 111.04 25.84 14.66
000002 755.06 234.96 26.41 14.34
000002 755.06 234.96 26.41 14.34
000002 754.90 76.15 30.63 12.37
000002 754.90 76.15 30.63 12.37
000002 7.33 35.17 -835.69 -0.45
000002 325.95 36.94 25.76 14.71
000002 476.85 268.01 33.65 11.26
000002 985.39 29.10 13.58 27.90
000002 1120.20 328.28 52.74 7.18
000002 946.55 255.56 36.89 10.27
000002 368.70 35.16 24.87 15.23
000002 438.34 297.61 44.10 8.59
000002 609.35 261.11 27.47 13.79
000002 922.29 115.60 12.19 31.07
000002 671.85 337.90 54.93 6.90
000002 814.39 227.53 30.16 12.56
000002 184.03 47.75 23.45 16.15
000002 184.03 47.75 23.45 16.15
000002 825.10 206.38 31.12 12.17
000002 294.99 129.94 24.24 15.63
000002 888.87 268.39 34.50 10.98
000002 836.45 179.81 30.95 12.24
000002 459.42 149.54 25.39 14.92
000002 558.43 205.10 22.45 16.87
000002 1119.99 328.28 52.53 7.21
000002 822.56 212.26 29.98 12.63
000002 532.13 235.47 29.38 12.89
000002 901.64 278.60 37.40 10.13
000002 901.64 278.60 37.40 10.13
000002 1039.76 210.51 32.80 11.55
000002 464.53 108.56 25.22 15.02
000002 473.09 122.29 25.49 14.86
000002 443.37 29.31 25.36 14.93
000003 738.54 20.56 11.35 33.71
000003 740.00 41.81 10.50 36.43
000003 736.19 32.51 10.48 36.51
000003 736.19 32.51 10.48 36.51
000003 735.96 32.91 10.25 37.32
000003 735.96 32.91 10.25 37.32
000003 733.87 26.70 10.06 38.02
000003 733.48 258.53 26.84 14.25
000003 740.57 230.72 28.00 13.66
000003 740.72 250.90 27.64 13.84
000003 740.72 250.90 27.64 13.84
000003 708.56 163.09 7.62 50.16
000003 708.56 163.09 7.62 50.16
000003 699.86 107.68 8.23 46.50
000003 687.94 9.93 6.41 59.62
000003 668.90 47.10 3.85 99.23
000003 668.90 47.10 3.85 99.23
000003 667.18 52.86 2.13 179.66
000003 656.11 81.38 3.02 126.79
000003 645.43 163.61 2.10 182.23
000003 639.70 93.15 1.27 300.68
000003 639.70 93.15 1.27 300.68
000003 635.97 166.15 1.51 252.75
000003 635.97 166.15 1.51 252.75
000003 634.88 149.19 1.55 247.40
000003 634.88 149.19 1.55 247.40
000003 747.79 183.36 27.20 14.06
000003 748.10 243.99 27.62 13.85
000003 748.10 243.99 27.62 13.85
000003 749.03 7.21 11.78 32.46
000003 601.74 156.01 1.70 225.59
000003 595.53 98.92 2.37 161.05
000003 750.72 239.74 27.63 13.84
000003 751.94 246.40 27.19 14.07
000003 752.03 77.36 27.66 13.83
000003 573.96 121.89 3.24 118.05
000003 561.88 24.28 5.46 70.09
000003 559.82 82.85 6.07 63.03
000003 549.18 81.42 6.30 60.70
000003 547.23 147.90 6.62 57.75
000003 547.12 139.80 6.56 58.32
000003 541.17 120.63 7.01 54.57
000003 537.79 33.67 7.13 53.66
000003 532.10 131.46 9.02 42.39
000003 530.66 71.00 9.36 40.88
000003 530.66 71.00 9.36 40.88
000003 767.62 193.43 638.85 0.60
000003 768.13 151.94 32.17 11.89
000003 966.30 143.38 107.15 3.57
000003 164.35 162.57 42.30 9.04
000003 965.17 116.49 105.14 3.64
000003 769.07 258.57 28.28 13.52
000003 510.04 86.03 10.22 37.42
000003 508.02 15.92 10.08 37.93
000003 955.55 215.05 104.73 3.65
000003 485.26 76.98 12.32 31.05
000003 484.97 67.36 12.46 30.69
000003 937.55 134.15 97.61 3.92
000003 937.55 134.15 97.61 3.92
000003 445.52 39.67 16.56 23.10
000003 444.72 55.24 15.48 24.70
000003 441.45 78.26 15.40 24.84
000003 440.62 52.23 15.60 24.51
000003 440.62 52.23 15.60 24.51
000003 440.62 52.23 15.60 24.51
000003 438.87 146.81 16.91 22.61
000003 909.39 192.82 89.77 4.26
000003 909.00 175.96 89.35 4.28
000003 815.45 302.30 59.42 6.44
000003 823.44 307.39 62.41 6.13
000003 333.03 31.58 26.85 14.25
000003 331.07 55.86 27.02 14.15
000003 327.94 41.76 26.80 14.27
000003 236.64 46.78 34.68 11.03
000003 324.80 48.27 27.33 13.99
000003 319.93 102.32 27.22 14.05
000003 873.86 133.46 77.91 4.91
000003 867.77 268.69 80.93 4.73
000003 488.20 67.13 11.70 32.69
000003 259.19 58.33 34.97 10.94
000003 860.89 15.21 22.66 16.88
000003 743.45 97.77 247.56 1.54
000003 255.29 38.47 32.23 11.87
000003 709.78 35.45 8.37 45.72
000003 709.78 35.45 8.37 45.72
000003 1182.13 277.13 175.25 2.18
000003 286.05 104.04 30.36 12.60
000003 286.05 104.04 30.36 12.60
000003 1159.87 287.70 -10.38 -36.85
000003 289.39 53.90 33.74 11.34
000003 697.58 201.90 22.94 16.67
000003 291.80 111.66 30.70 12.46
000003 697.34 104.96 7.47 51.18
000003 300.29 73.34 33.04 11.58
000003 689.02 108.14 5.89 64.97
000003 689.02 108.14 5.89 64.97
000003 114.94 93.58 46.33 8.26
000003 686.55 104.49 5.54 69.06
000003 877.54 347.83 76.04 5.03
000003 838.76 321.75 64.92 5.89
000003 681.99 271.92 33.54 11.40
000003 318.92 33.13 28.07 13.63
000003 1090.87 38.24 137.53 2.78
000003 673.04 123.04 -46.13 -8.29
000003 237.81 90.98 34.40 11.12
000003 325.08 101.89 26.96 14.19
000003 325.60 101.29 27.49 13.91
000003 329.36 173.59 27.15 14.08
000003 330.26 199.53 26.90 14.21
000003 1086.71 192.15 145.92 2.62
000003 662.33 67.08 3.73 102.64
000003 745.07 73.56 28.12 13.60
000003 658.07 148.23 3.22 118.86
000003 653.84 91.69 3.44 111.13
000003 336.38 198.01 26.97 14.18
000003 650.54 166.32 4.01 95.28
000003 646.24 113.43 1.72 222.03
000003 643.06 122.35 1.61 237.67
000003 640.94 112.47 1.29 296.32
000003 638.12 145.46 1.59 241.05
000003 638.12 145.46 1.59 241.05
000003 636.61 117.47 1.62 236.41
000003 635.92 156.02 1.34 285.21
000003 635.92 156.02 1.34 285.21
000003 1067.78 314.43 138.57 2.76
000003 884.83 137.36 81.91 4.67
000003 632.89 115.38 1.11 344.45
000003 632.89 115.38 1.11 344.45
000003 630.26 108.23 1.06 362.01
000003 1063.22 284.07 139.66 2.74
000003 748.75 236.18 27.62 13.84
000003 748.93 73.61 27.94 13.69
000003 353.44 66.34 23.79 16.07
000003 748.99 227.57 27.76 13.78
000003 356.66 129.97 27.07 14.13
000003 1055.05 124.28 133.43 2.87
000003 750.02 21.83 11.80 32.42
000003 601.68 161.38 1.66 230.75
000003 596.25 90.71 2.27 168.70
000003 819.47 39.40 17.86 21.41
000003 819.19 347.28 60.35 6.34
000003 589.28 95.50 2.34 163.44
000003 818.36 275.07 61.19 6.25
000003 818.13 322.93 59.30 6.45
000003 587.30 112.05 2.41 158.85
000003 587.21 103.23 2.39 159.81
000003 587.21 103.23 2.39 159.81
000003 903.54 354.86 98.31 3.89
000003 586.15 96.16 2.33 163.91
000003 585.76 89.86 2.33 164.36
000003 750.74 177.13 27.28 14.02
000003 384.81 23.24 21.71 17.62
000003 585.27 122.94 2.50 153.00
000003 585.00 115.49 2.57 148.81
000003 584.96 118.57 2.53 151.09
000003 751.30 249.84 26.82 14.26
000003 583.18 104.53 2.33 164.04
000003 582.41 100.69 2.43 157.58
000003 230.03 186.55 39.58 9.66
000003 577.41 116.04 2.36 161.79
000003 754.35 257.02 27.15 14.09
000003 571.61 95.61 2.38 160.90
000003 757.03 242.55 27.85 13.73
000003 568.34 155.99 5.47 69.90
000003 1019.05 259.82 125.71 3.04
000003 567.66 122.83 3.96 96.64
000003 812.77 43.73 17.36 22.03
000003 564.52 97.96 5.62 68.02
000003 563.64 152.38 4.94 77.39
000003 563.51 159.07 5.09 75.11
000003 222.56 297.46 40.14 9.53
000003 562.38 134.56 5.80 65.99
000003 759.72 9.77 13.01 29.39
000003 759.72 9.77 13.01 29.39
000003 759.87 240.80 28.41 13.46
000003 557.26 78.53 7.35 52.03
000003 553.88 2.66 5.87 65.12
000003 810.57 342.95 59.34 6.44
000003 550.12 90.75 6.20 61.68
000003 547.85 12.12 6.11 62.61
000003 996.02 90.23 116.24 3.29
000003 544.25 92.86 7.16 53.43
000003 544.02 151.79 8.09 47.29
000003 543.65 3.81 6.45 59.27
000003 539.17 71.38 7.64 50.08
000003 537.04 20.39 7.07 54.09
000003 536.59 62.37 6.84 55.87
000003 159.40 90.73 41.73 9.16
000003 532.03 100.47 9.00 42.51
000003 527.04 61.16 7.85 48.71
000003 522.73 68.90 9.20 41.57
000003 522.16 145.43 9.12 41.94
000003 520.56 98.10 9.07 42.15
000003 214.61 65.64 34.57 11.06
000003 962.98 188.04 107.73 3.55
000003 169.40 106.80 40.63 9.41
000003 804.38 348.09 58.08 6.58
000003 516.23 15.46 9.41 40.62
000003 421.23 20.52 18.64 20.51
000003 515.04 83.57 9.76 39.19
000003 800.67 306.66 55.92 6.84
000003 214.61 65.64 34.57 11.06
000003 434.87 41.85 17.12 22.33
000003 510.48 137.08 10.20 37.49
000003 440.45 31.08 -36.06 -10.61
000003 923.76 100.99 92.61 4.13
000003 496.11 220.33 22.51 16.99
000003 496.11 220.33 22.51 16.99
000003 496.11 220.33 22.51 16.99
000003 495.62 77.58 11.51 33.23
000003 491.81 139.35 13.18 29.02
000003 490.41 70.93 12.01 31.84
000003 488.45 67.55 11.95 32.00
000003 935.67 76.72 94.74 4.04
000003 488.45 67.55 11.95 32.00
000003 488.20 67.13 11.70 32.69
000003 259.19 58.33 34.97 10.94
000003 485.34 58.97 12.62 30.30
000003 791.39 105.61 19.76 19.35
000003 473.08 34.77 13.71 27.89
000003 473.08 34.77 13.71 27.89
000003 472.63 20.50 13.70 27.92
000003 457.88 48.61 13.93 27.45
000003 948.12 112.78 100.13 3.82
000003 948.12 112.78 100.13 3.82
000003 462.27 182.95 26.66 14.35
000003 532.82 142.41 9.20 41.56
000003 815.61 332.70 58.75 6.51
000003 465.96 42.12 13.74 27.83
000003 1202.34 12.47 410.71 0.93
000003 816.11 351.37 59.57 6.42
000003 595.28 141.09 2.37 161.67
000003 468.59 66.00 13.82 27.68
000003 468.59 66.00 13.82 27.68
000003 180.91 187.13 42.85 8.92
000003 596.41 95.20 1.86 205.54
000003 472.92 29.35 13.80 27.71
000003 472.92 29.35 13.56 28.21
000003 473.17 53.15 13.61 28.10
000003 729.19 30.03 10.27 37.24
000003 575.02 90.89 2.06 185.74
000003 475.16 17.67 13.44 28.46
000003 575.02 90.89 2.06 185.74
000003 725.51 251.27 27.48 13.92
000003 598.89 102.50 1.90 201.78
000003 599.25 159.66 2.43 157.22
000003 455.86 214.38 26.73 14.31
000003 185.24 207.62 42.14 9.07
000003 484.33 210.10 23.54 16.25
000003 613.69 95.41 1.88 203.20
000003 712.68 93.16 8.53 44.84
000003 710.43 44.90 8.09 47.26
000003 562.77 211.72 27.40 13.96
000003 823.54 355.64 41.55 9.21
000003 173.33 159.35 41.56 9.20
000003 173.33 159.35 41.56 9.20
000003 747.63 38.14 11.53 33.18
000003 776.10 195.96 653.48 0.59
000003 747.63 38.14 11.53 33.18
000003 932.59 123.77 54.70 6.99
000003 493.03 218.05 23.20 16.49
000003 495.02 5.59 11.40 33.56
000003 339.03 164.28 26.95 14.19
000003 743.70 239.94 26.52 14.42
000003 664.38 55.70 3.92 97.58
000003 770.28 19.38 13.61 28.10
000003 664.83 49.03 3.52 108.59
000003 959.86 354.79 104.67 3.65
000003 535.08 96.63 9.07 42.19
000003 513.88 147.30 11.65 32.82
000003 307.42 140.54 27.29 14.01
000003 307.42 140.54 27.29 14.01
000003 321.75 230.36 29.14 13.13
000003 743.98 10.85 12.08 31.66
000003 320.00 244.85 29.51 12.96
000003 684.93 14.31 6.60 57.97
000003 412.93 97.59 22.01 17.37
000003 684.93 14.31 6.60 57.97
000003 412.93 97.59 22.01 17.37
000003 525.69 98.38 9.31 41.06
000003 163.31 77.85 41.92 9.12
000003 1223.64 75.91 37.19 10.28
000003 471.06 49.64 14.21 26.91
000003 607.92 151.72 1.16 328.35
000003 936.63 68.55 95.16 4.02
000003 647.23 129.61 1.91 200.66
000003 555.55 95.64 6.06 63.15
000003 1134.01 364.29 159.97 2.39
000003 463.46 209.76 26.50 14.43
000003 411.21 59.67 21.90 17.47
000003 463.46 209.76 26.50 14.43
000003 382.60 26.77 21.89 17.47
000003 507.11 144.22 10.53 36.33
000003 591.88 158.89 2.66 143.71
000003 530.09 15.43 7.11 53.75
000003 336.87 205.88 28.64 13.35
000003 790.39 32.42 15.95 23.97
000003 862.11 365.05 64.40 5.94
000003 596.66 106.88 2.25 169.86
000003 545.17 143.38 7.81 48.99
000003 545.78 143.41 6.43 59.44
000003 307.57 108.17 27.49 13.91
000003 477.39 54.16 13.41 28.53
000003 722.95 97.04 10.34 36.99
000003 550.65 15.06 6.01 63.60
000003 285.73 119.50 30.95 12.36
000003 678.62 119.02 4.97 77.03
000003 352.60 20.14 22.38 17.09
000003 757.46 231.26 27.83 13.74
000003 936.65 68.09 95.18 4.02
000003 710.04 93.88 8.34 45.84
000003 1066.20 344.57 141.68 2.70
000003 1065.13 344.48 140.61 2.72
000003 562.10 72.26 6.01 63.59
000003 331.23 234.28 29.34 13.04
000003 331.23 234.28 29.34 13.04
000003 807.84 50.67 17.15 22.31
000003 590.43 70.86 2.83 135.21
000003 1063.38 99.99 62.40 6.13
000003 298.04 131.10 28.30 13.51
000003 237.89 197.84 39.07 9.79
000003 617.39 197.43 15.94 23.99
000004 1097.14 187.42 37.54 10.24
000004 895.21 102.39 27.46 14.00
000004 886.45 128.05 21.28 18.07
000004 898.22 56.69 27.90 13.78
000004 899.35 52.08 28.13 13.67
000004 732.41 28.54 8.24 46.64
000004 732.36 22.13 8.50 45.24
000004 903.20 49.88 28.64 13.42
000004 903.68 106.93 27.89 13.78
000004 305.90 44.91 3.72 103.36
000004 304.99 35.47 3.12 123.02
000004 912.92 106.31 28.49 13.49
000004 914.66 114.74 28.44 13.52
000004 915.30 136.91 28.60 13.44
000004 916.68 158.30 28.99 13.26
000004 916.68 158.30 28.99 13.26
000004 351.01 39.04 4.28 89.77
000004 293.99 31.66 3.02 127.48
000004 293.99 31.66 3.02 127.48
000004 927.97 19.50 28.41 13.53
000004 928.32 96.72 28.52 13.48
000004 363.18 229.29 24.20 15.88
000004 363.54 217.47 24.59 15.63
000004 723.78 73.40 8.04 47.78
000004 723.70 28.83 9.02 42.59
000004 279.99 32.85 3.58 107.41
000004 937.28 17.51 29.63 12.97
000004 838.65 182.49 12.11 31.75
000004 385.67 6.26 3.81 100.97
000004 832.41 152.13 11.80 32.58
000004 718.92 29.31 8.94 42.97
000004 718.92 29.31 8.94 42.97
000004 826.95 135.29 11.39 33.75
000004 404.40 10.72 3.80 101.15
000004 717.91 18.09 8.90 43.21
000004 1218.63 222.84 42.58 9.03
000004 408.02 33.12 3.45 111.28
000004 408.02 33.12 3.45 111.28
000004 409.27 20.47 3.71 103.63
000004 410.83 30.32 3.30 116.60
000004 413.43 27.36 3.54 108.45
000004 416.12 16.13 3.57 107.76
000004 416.12 16.13 3.57 107.76
000004 420.61 26.59 3.56 107.93
000004 424.38 32.07 3.57 107.61
000004 424.85 22.06 3.21 119.86
000004 431.83 27.93 3.48 110.42
000004 713.01 67.82 8.17 47.02
000004 433.19 16.19 3.27 117.41
000004 1077.30 217.00 35.96 10.69
000004 1079.22 172.23 36.56 10.51
000004 1079.65 192.04 36.62 10.50
000004 1088.42 238.88 34.95 11.00
000004 775.48 98.89 8.86 43.38
000004 775.48 98.89 8.86 43.38
000004 774.85 95.71 8.74 43.99
000004 710.27 124.30 4.16 92.29
000004 1099.14 207.21 37.69 10.20
000004 1104.04 184.61 38.13 10.08
000004 1107.99 200.45 38.28 10.04
000004 1107.99 200.45 38.28 10.04
000004 1108.73 222.62 38.11 10.09
000004 771.61 6.84 12.73 30.20
000004 546.62 39.30 3.04 126.27
000004 1111.47 211.39 38.05 10.10
000004 1111.52 226.90 37.96 10.13
000004 1112.53 193.05 38.86 9.89
000004 770.36 119.52 8.92 43.08
000004 698.41 329.22 49.52 7.76
000004 551.99 50.51 2.39 161.04
000004 553.31 15.71 4.60 83.53
000004 767.06 119.47 8.98 42.78
000004 767.06 119.47 8.98 42.78
000004 1133.88 210.09 37.04 10.38
000004 690.97 106.00 3.51 109.37
000004 1136.03 216.87 37.50 10.25
000004 686.74 168.53 1.13 338.74
000004 564.08 22.81 3.04 126.63
000004 566.27 48.98 2.53 151.70
000004 567.06 186.19 6.71 57.28
000004 686.74 168.53 1.13 338.74
000004 570.64 48.48 2.50 153.68
000004 684.22 273.17 30.49 12.61
000004 578.72 182.47 6.73 57.09
000004 578.72 182.47 6.73 57.09
000004 681.60 290.50 36.91 10.41
000004 681.60 290.50 36.91 10.41
000004 593.47 227.54 16.29 23.60
000004 1170.38 254.46 38.27 10.04
000004 633.08 143.42 2.99 128.47
000004 633.08 143.42 2.99 128.47
000004 667.88 113.23 2.32 165.37
000004 652.35 190.10 5.41 70.99
000004 660.64 189.37 5.40 71.15
000004 889.07 260.20 38.09 10.09
000004 661.75 110.33 2.14 179.58
000004 320.13 5.94 3.73 103.19
000004 886.68 52.34 27.87 13.79
000004 312.87 34.81 3.46 111.14
000004 645.70 184.44 5.38 71.51
000004 733.29 297.95 32.74 11.74
000004 885.35 135.65 20.56 18.69
000004 730.25 17.86 7.75 49.56
000004 671.92 120.58 1.67 230.75
000004 881.85 131.57 19.61 19.61
000004 603.55 187.48 5.58 68.91
000004 597.82 93.26 2.68 143.35
000004 592.69 84.13 3.94 97.53
000004 729.52 31.59 8.34 46.09
000004 94.71 350.39 54.44 7.06
000004 94.71 350.39 54.44 7.06
000004 587.89 199.28 8.04 47.82
000004 587.75 188.27 6.75 56.93
000004 914.78 123.17 28.81 13.34
000004 678.91 180.36 2.05 187.86
000004 914.78 123.17 28.81 13.34
000004 914.78 123.17 28.81 13.34
000004 582.27 86.33 2.73 140.81
000004 915.56 119.03 28.65 13.41
000004 581.54 200.45 8.41 45.69
000004 581.31 76.84 4.25 90.42
000004 581.22 196.68 8.23 46.68
000004 340.63 16.69 3.32 115.62
000004 727.01 52.05 8.85 43.45
000004 340.63 16.69 3.32 115.62
000004 727.01 52.05 8.85 43.45
000004 1151.10 360.44 58.08 6.62
000004 1151.10 360.44 58.08 6.62
000004 867.58 127.22 14.10 27.27
000004 725.71 22.49 8.54 45.03
000004 920.24 275.31 33.80 11.37
000004 350.59 64.91 9.42 40.80
000004 725.71 22.49 8.54 45.03
000004 864.71 154.83 11.81 32.54
000004 862.13 187.97 12.27 31.33
000004 355.54 108.15 15.79 24.34
000004 724.65 9.72 8.66 44.39
000004 567.79 31.07 2.11 181.93
000004 566.61 38.99 2.86 134.26
000004 856.43 234.64 19.94 19.28
000004 688.87 134.31 1.02 376.60
000004 561.98 19.94 3.34 115.20
000004 561.11 60.30 2.12 181.44
000004 724.59 61.88 8.00 48.08
000004 853.24 151.16 13.67 28.11
000004 738.04 300.93 37.49 10.25
000004 558.02 17.88 3.09 124.33
000004 721.27 65.89 8.24 46.64
000004 556.85 24.23 2.65 144.97
000004 556.85 24.23 2.65 144.97
000004 1129.26 306.33 44.35 8.67
000004 1126.27 258.61 36.23 10.61
000004 1123.63 218.17 38.15 10.07
000004 850.68 236.66 19.43 19.79
000004 1118.29 227.04 37.74 10.18
000004 770.66 179.53 8.97 42.86
000004 1112.69 232.20 37.82 10.16
000004 701.39 129.33 2.85 134.87
000004 702.60 34.03 9.10 42.23
000004 840.48 229.15 19.58 19.64
000004 771.75 127.51 8.71 44.11
000004 954.33 307.47 41.71 9.22
000004 720.49 26.01 9.44 40.71
000004 267.87 275.80 32.17 11.95
000004 706.66 73.42 7.84 49.03
000004 1105.16 211.39 37.29 10.31
000004 772.52 114.15 9.05 42.48
000004 836.37 225.31 19.35 19.87
000004 836.37 225.31 19.35 19.87
000004 708.33 86.82 8.38 45.87
000004 709.06 71.11 8.02 47.91
000004 709.62 132.50 3.48 110.38
000004 1098.37 181.39 37.18 10.34
000004 965.27 225.36 23.10 16.64
000004 834.72 192.30 12.01 32.01
000004 774.61 107.82 8.59 44.73
000004 710.79 162.31 1.45 265.76
000004 830.95 158.04 12.10 31.76
000004 392.86 249.19 24.53 15.67
000004 1090.51 199.76 37.01 10.38
000004 830.95 158.04 12.10 31.76
000004 776.65 17.41 12.98 29.60
000004 1089.17 175.74 37.16 10.34
000004 258.37 267.83 30.88 12.45
000004 830.82 356.22 54.42 7.06
000004 830.08 163.60 12.76 30.12
000004 830.08 163.60 12.76 30.12
000004 395.48 10.00 3.64 105.70
000004 1088.39 235.02 34.73 11.07
000004 515.09 30.14 5.24 73.34
000004 825.03 155.09 10.94 35.13
000004 1082.59 223.80 33.97 11.32
000004 506.83 47.17 4.58 83.90
000004 408.65 15.35 3.49 110.01
000004 711.54 173.34 1.36 282.88
000004 1074.19 184.80 36.54 10.52
000004 497.25 7.28 4.06 94.71
000004 715.28 25.55 9.03 42.56
000004 715.28 25.55 9.03 42.56
000004 792.75 133.82 6.83 56.28
000004 491.54 203.98 12.71 30.24
000004 491.54 203.98 12.71 30.24
000004 712.35 85.97 8.22 46.79
000004 712.35 85.97 8.22 46.79
000004 420.03 23.37 3.33 115.36
000004 420.03 23.37 3.33 115.36
000004 421.42 35.88 3.46 111.22
000004 421.42 35.88 3.46 111.22
000004 470.45 3.09 3.89 98.93
000004 204.35 77.59 15.17 25.34
000004 714.07 15.33 9.06 42.42
000004 713.98 70.25 7.56 50.83
000004 428.15 19.77 4.05 94.85
000004 462.63 35.09 5.65 67.99
000004 815.45 3.32 15.29 25.14
000004 445.49 24.25 4.17 92.15
000004 445.49 24.25 4.17 92.15
000004 1196.29 248.19 40.81 9.42
000004 734.74 70.00 8.11 47.37
000004 707.69 59.84 7.97 48.24
000004 389.53 232.60 18.17 21.15
000004 637.65 187.89 4.78 80.44
000004 716.09 173.08 0.52 732.70
000004 424.81 26.03 3.29 116.89
000004 414.63 21.76 3.49 109.99
000004 328.45 268.97 29.42 13.07
000004 761.22 283.39 31.20 12.32
000004 1112.91 197.38 37.87 10.15
000004 1088.90 243.70 33.13 11.60
000004 1208.02 215.62 41.14 9.34
000004 313.96 27.34 2.97 129.26
000004 777.35 91.93 8.95 42.93
000005 545.33 172.60 18.18 21.14
000005 546.06 161.33 18.23 21.09
000005 1046.56 179.75 5.70 67.45
000005 540.88 175.46 18.06 21.29
000005 1042.64 64.00 4.91 78.26
000005 11.84 46.05 -1053.30 -0.36
000005 12.28 53.72 5.67 67.84
000005 1042.64 64.00 4.91 78.26
000005 18.10 51.01 7.37 52.16
000005 546.84 167.57 18.11 21.23
000005 1040.40 53.92 8.59 44.73
000005 1039.88 39.65 8.92 43.11
000005 547.03 156.61 18.40 20.88
000005 547.33 152.07 18.12 21.21
000005 1037.51 46.50 8.42 45.64
000005 549.98 164.51 18.35 20.94
000005 550.54 136.35 15.96 24.09
000005 553.11 176.08 18.34 20.96
000005 534.43 176.51 18.36 20.93
000005 534.32 156.88 17.93 21.44
000005 32.80 203.56 3.38 113.83
000005 553.64 144.20 18.49 20.79
000005 1035.45 342.18 58.60 6.56
000005 556.71 173.07 18.12 21.22
000005 1030.82 71.84 6.63 58.00
000005 1029.10 9.05 8.48 45.33
000005 1029.10 9.05 8.48 45.33
000005 1029.05 52.07 8.49 45.28
000005 1027.60 56.41 8.99 42.75
000005 1026.35 43.79 8.59 44.77
000005 1026.35 43.79 8.59 44.77
000005 561.33 129.90 17.42 22.06
000005 1024.15 12.72 8.83 43.51
000005 561.47 120.93 17.48 21.99
000005 561.47 120.93 17.48 21.99
000005 561.66 179.15 17.49 21.98
000005 1022.11 342.06 57.99 6.63
000005 1020.84 38.46 8.15 47.15
000005 562.01 140.75 17.44 22.04
000005 562.21 179.85 17.55 21.90
000005 562.85 174.90 19.25 19.97
000005 565.00 127.74 17.35 22.16
000005 1051.27 175.78 6.72 57.20
000005 565.46 159.43 17.94 21.43
000005 565.75 182.00 17.07 22.52
000005 568.05 189.60 17.18 22.37
000005 572.55 135.36 331.79 1.16
000005 1016.80 117.66 8.80 43.65
000005 576.00 156.08 17.67 21.76
000005 576.00 156.08 18.12 21.22
000005 1016.08 176.91 5.03 76.36
000005 576.34 161.89 18.00 21.35
000005 576.34 161.89 18.00 21.35
000005 579.64 147.02 18.22 21.09
000005 579.64 147.02 18.22 21.09
000005 580.14 171.25 18.28 21.03
000005 581.80 161.93 18.24 21.08
000005 583.53 152.01 18.16 21.17
000005 583.58 200.09 17.97 21.39
000005 583.92 165.99 18.19 21.13
000005 1113.60 179.95 8.01 47.97
000005 588.53 187.12 18.10 21.24
000005 592.03 325.44 49.68 7.74
000005 1007.33 175.50 5.23 73.46
000005 603.67 184.16 17.93 21.44
000005 1001.95 101.57 9.28 41.41
000005 1001.75 119.71 9.03 42.55
000005 1001.46 133.88 9.96 38.60
000005 1001.41 138.55 9.44 40.70
000005 1000.07 116.13 9.44 40.72
000005 494.75 2.84 18.12 21.22
000005 494.75 2.84 18.12 21.22
000005 996.47 128.46 9.52 40.38
000005 996.47 128.46 9.52 40.38
000005 996.36 112.38 8.96 42.92
000005 994.94 54.85 8.98 42.83
000005 634.79 41.26 16.90 22.74
000005 994.48 121.70 9.20 41.80
000005 990.82 106.81 8.89 43.25
000005 988.50 65.38 9.31 41.30
000005 988.03 5.64 8.61 44.64
000005 988.03 5.64 8.61 44.64
000005 983.96 38.95 8.98 42.79
000005 646.23 47.22 16.77 22.92
000005 982.46 61.28 9.16 41.96
000005 982.46 61.28 9.16 41.96
000005 981.54 165.29 5.42 70.90
000005 981.54 165.29 5.42 70.90
000005 974.00 78.61 9.39 40.93
000005 1193.72 287.51 49.64 7.74
000005 1193.72 287.51 49.64 7.74
000005 972.28 118.92 8.79 43.72
000005 130.09 186.81 4.51 85.30
000005 651.46 47.20 16.43 23.40
000005 651.46 47.20 16.43 23.40
000005 652.38 14.99 16.83 22.84
000005 971.27 22.96 9.06 42.43
000005 971.17 62.80 9.56 40.19
000005 134.10 186.68 4.58 83.88
000005 139.02 245.87 15.80 24.33
000005 657.16 88.72 16.45 23.36
000005 657.61 64.87 16.67 23.06
000005 659.36 2.69 16.51 23.28
000005 660.17 57.56 16.91 22.73
000005 660.38 64.20 16.58 23.18
000005 1059.05 129.17 4.20 91.52
000005 664.32 65.56 16.63 23.11
000005 665.53 33.92 11.46 33.54
000005 949.65 36.86 9.41 40.86
000005 443.94 303.00 42.10 9.13
000005 949.65 36.86 9.41 40.86
000005 160.82 89.44 20.99 18.31
000005 666.30 163.66 6.82 56.36
000005 666.70 170.87 7.57 50.80
000005 666.70 170.87 7.57 50.80
000005 669.52 330.95 52.15 7.37
000005 670.17 10.05 17.03 22.57
000005 670.43 26.26 16.36 23.50
000005 435.19 316.06 44.01 8.73
000005 672.68 175.24 7.53 51.05
000005 1186.96 18.21 49.44 7.77
000005 674.58 80.38 13.76 27.94
000005 674.58 80.38 13.76 27.94
000005 179.69 216.69 8.74 43.96
000005 674.87 14.31 16.30 23.59
000005 182.18 183.76 5.26 73.01
000005 677.61 176.04 7.55 50.90
000005 677.62 169.74 7.49 51.32
000005 185.74 203.30 3.75 102.63
000005 681.63 162.68 7.82 49.18
000005 684.83 109.60 6.87 55.98
000005 687.06 154.22 7.10 54.12
000005 687.32 156.95 7.01 54.81
000005 689.43 330.69 52.44 7.33
000005 936.74 92.97 9.77 39.33
000005 690.01 97.71 6.63 57.99
000005 692.40 170.31 8.34 46.07
000005 692.57 170.26 8.51 45.16
000005 692.57 170.26 8.51 45.16
000005 1060.46 177.87 5.69 67.52
000005 695.98 108.46 6.94 55.39
000005 417.36 48.02 22.38 17.18
000005 698.37 112.88 7.31 52.61
000005 698.43 129.48 7.05 54.50
000005 699.77 100.26 6.54 58.74
000005 700.15 162.94 8.25 46.61
000005 700.64 172.55 8.07 47.65
000005 700.64 172.55 8.07 47.65
000005 702.77 158.73 8.29 46.39
000005 1186.17 24.86 49.70 7.73
000005 702.84 166.87 7.70 49.90
000005 204.29 19.28 23.01 16.71
000005 703.91 155.34 7.39 51.98
000005 410.02 64.74 19.47 19.74
000005 409.54 237.96 26.64 14.43
000005 409.54 237.96 26.64 14.43
000005 409.49 228.53 26.73 14.38
000005 409.49 228.53 26.73 14.38
000005 1063.52 133.83 4.55 84.42
000005 705.46 168.04 8.54 45.03
000005 705.46 168.04 8.54 45.03
000005 406.36 228.37 27.26 14.10
000005 706.49 124.36 6.61 58.19
000005 706.49 124.36 6.61 58.19
000005 707.77 112.03 8.22 46.79
000005 708.68 137.29 7.02 54.72
000005 1064.38 50.11 4.42 86.87
000005 709.59 150.99 5.65 67.98
000005 403.99 308.02 41.92 9.17
000005 403.99 308.02 41.92 9.17
000005 709.87 142.98 6.89 55.79
000005 709.87 142.98 6.89 55.79
000005 710.29 128.66 7.06 54.47
000005 710.29 128.66 7.06 54.47
000005 711.39 139.86 7.19 53.45
000005 892.13 91.93 10.50 36.60
000005 712.16 146.93 6.52 58.97
000005 713.69 131.14 7.15 53.78
000005 713.89 128.19 6.98 55.08
000005 719.83 152.48 6.70 57.39
000005 726.82 93.91 4.03 95.47
000005 726.82 93.91 4.03 95.47
000005 727.10 163.18 8.34 46.09
000005 732.95 168.41 7.76 49.54
000005 390.56 305.26 40.76 9.43
000005 734.46 161.84 8.26 46.54
000005 1069.43 146.05 5.20 73.85
000005 386.49 307.89 41.18 9.33
000005 386.49 307.89 41.18 9.33
000005 738.42 91.23 3.53 108.90
000005 738.42 91.23 3.53 108.90
000005 744.49 189.74 9.30 41.31
000005 384.22 298.93 38.88 9.89
000005 748.60 334.76 53.90 7.13
000005 750.05 128.02 4.90 78.50
000005 750.05 128.02 4.90 78.50
000005 750.05 128.02 4.90 78.50
000005 757.81 160.70 8.72 44.09
000005 1086.06 70.22 4.41 87.07
000005 767.07 335.20 54.35 7.07
000005 767.59 160.39 7.94 48.39
000005 1086.06 70.22 4.41 87.07
000005 772.60 138.57 5.67 67.81
000005 775.07 147.37 5.72 67.15
000005 1085.81 129.34 4.77 80.61
000005 866.81 338.48 55.76 6.89
000005 776.88 331.78 54.36 7.07
000005 254.01 157.06 -15.78 -24.35
000005 254.01 157.06 -15.78 -24.35
000005 862.01 338.54 55.88 6.88
000005 259.00 276.33 28.14 13.66
000005 259.00 276.33 28.14 13.66
000005 855.77 338.48 55.96 6.87
000005 778.04 150.35 6.32 60.79
000005 778.87 136.25 6.06 63.44
000005 778.87 136.25 6.06 63.44
000005 778.95 146.15 5.85 65.69
000005 778.95 146.15 5.85 65.69
000005 779.01 109.17 6.31 60.89
000005 781.01 153.45 5.91 65.03
000005 781.54 135.63 6.25 61.49
000005 784.62 166.87 7.87 48.83
000005 786.48 145.26 5.88 65.38
000005 269.32 147.75 25.64 14.99
000005 788.77 148.99 5.91 65.04
000005 789.22 129.33 5.15 74.57
000005 789.39 86.83 5.49 69.96
000005 789.39 86.83 5.49 69.96
000005 844.64 336.49 55.04 6.98
000005 789.76 55.66 10.01 38.38
000005 273.69 135.32 25.47 15.09
000005 273.69 135.32 25.47 15.09
000005 274.26 145.45 26.09 14.73
000005 791.08 335.93 54.66 7.03
000005 274.52 146.60 25.46 15.09
000005 793.03 148.38 5.63 68.30
000005 793.16 137.95 5.94 64.74
000005 793.51 110.61 5.58 68.83
000005 834.53 143.43 6.90 55.68
000005 277.73 143.90 25.49 15.08
000005 798.39 139.41 5.95 64.60
000005 828.63 187.39 17.48 21.99
000005 280.19 140.37 25.62 15.00
000005 282.61 146.31 25.66 14.98
000005 282.61 146.31 25.66 14.98
000005 828.39 205.17 17.48 21.99
000005 285.50 151.56 25.31 15.19
000005 285.50 151.56 25.31 15.19
000005 335.45 282.22 34.51 11.14
000005 1083.38 175.69 4.30 89.33
000005 826.62 337.40 55.54 6.92
000005 811.72 42.33 11.16 34.45
000005 825.04 210.43 -319.04 -1.20
000005 825.04 210.43 -280.55 -1.37
000005 822.10 7.75 9.83 39.10
000005 821.84 208.28 17.84 21.55
000005 314.46 292.00 34.80 11.05
000005 984.70 197.43 9.97 38.56
000005 1016.68 59.93 9.18 41.89
000005 1016.68 59.93 9.18 41.89
000005 386.38 174.39 6.70 57.38
000005 1022.33 28.20 8.74 43.99
000005 295.35 156.84 25.55 15.04
000005 295.35 156.84 25.55 15.04
000005 1170.20 168.53 46.85 8.20
000005 956.41 15.03 7.70 49.92
000005 809.23 346.03 56.12 6.85
000005 809.23 346.03 56.12 6.85
000005 1068.38 129.94 4.46 86.09
000005 731.74 156.14 8.10 47.43
000005 705.27 142.12 7.29 52.70
000005 1008.75 22.44 8.58 44.81
000005 1188.49 28.52 49.67 7.74
000005 551.74 159.91 18.18 21.15
000005 157.43 100.00 20.75 18.52
000005 335.16 297.81 36.65 10.49
000005 157.43 100.00 20.75 18.52
000005 336.27 301.27 36.67 10.48
000005 591.27 205.54 18.14 21.19
000005 279.75 152.41 25.55 15.05
000005 583.46 191.16 18.10 21.24
000005 653.25 174.83 13.31 28.88
000005 272.14 152.67 25.60 15.01
000005 968.32 116.15 9.16 41.98
000005 1008.75 22.44 8.58 44.81
000005 31.53 35.27 6.64 57.88
000005 31.53 35.27 6.64 57.88
000005 796.10 90.38 6.92 55.52
000005 345.62 278.58 34.88 11.02
000005 797.18 51.57 9.98 38.53
000005 981.54 5.47 8.93 43.05
000005 834.49 346.63 56.35 6.82
000005 832.23 337.72 55.76 6.89
000005 1018.88 27.97 8.87 43.34
000005 590.55 197.57 18.08 21.25
000005 793.45 103.03 5.74 66.99
000005 841.19 196.38 16.58 23.19
000005 1051.13 342.07 57.79 6.65
000005 1085.20 351.43 59.67 6.44
000005 1051.13 342.07 57.79 6.65
000005 382.45 174.41 -161.55 -2.38
000005 482.32 315.95 44.84 8.57
000005 188.16 215.80 7.69 50.01
000005 769.15 162.55 8.03 47.84
000005 772.41 88.67 4.37 87.96
000005 1029.16 341.49 58.69 6.55
000005 24.09 31.99 6.68 57.51
000005 1030.07 78.77 7.85 48.94
000005 699.74 332.49 52.51 7.32
000005 815.34 209.16 19.64 19.57
000005 977.21 350.45 58.78 6.54
000005 680.95 99.28 7.02 54.73
000005 978.11 10.02 10.21 37.63
000005 461.67 246.01 27.37 14.05
000005 889.05 92.71 10.47 36.73
000006 838.54 31.02 24.13 15.93
000006 699.12 19.75 23.77 16.17
000006 699.12 19.75 23.77 16.17
000006 1227.34 73.95 31.94 12.04
000006 1219.38 86.01 32.90 11.68
000006 701.44 23.04 22.97 16.73
000006 702.53 62.98 23.21 16.56
000006 694.29 18.02 23.31 16.49
000006 709.84 65.16 23.19 16.58
000006 693.65 168.43 13.11 29.31
000006 1210.19 224.36 41.95 9.16
000006 711.81 168.02 13.08 29.38
000006 1205.27 90.28 32.09 11.98
000006 1205.27 90.28 32.09 11.98
000006 690.11 66.14 23.54 16.33
000006 1191.27 196.85 40.08 9.59
000006 1187.67 256.04 41.31 9.31
000006 728.04 65.23 22.58 17.02
000006 1178.87 263.54 40.96 9.38
000006 1178.74 75.37 35.02 10.98
000006 1173.63 270.26 39.32 9.77
000006 1173.63 270.26 39.32 9.77
000006 1138.29 39.67 36.97 10.40
000006 1121.39 225.11 47.99 8.01
000006 1115.04 18.91 36.58 10.51
000006 777.99 61.12 22.55 17.05
000006 666.23 172.52 13.21 29.09
000006 666.23 172.52 13.21 29.09
000006 812.51 176.40 33.13 11.60
000006 647.76 261.46 26.70 14.40
000006 647.76 261.46 26.70 14.40
000006 817.62 186.99 33.35 11.53
000006 257.12 13.70 4.72 81.49
000006 822.68 21.08 24.02 16.00
000006 264.85 2.49 5.19 74.13
000006 827.09 299.59 45.75 8.40
000006 830.74 66.55 23.78 16.17
000006 297.14 48.27 5.24 73.34
000006 304.06 19.01 4.61 83.35
000006 846.68 242.69 35.22 10.91
000006 308.52 22.73 5.48 70.09
000006 1083.83 24.84 35.89 10.71
000006 847.12 58.50 23.49 16.36
000006 615.26 35.61 20.68 18.59
000006 313.59 48.39 4.45 86.45
000006 848.67 52.86 24.03 15.99
000006 1079.84 84.15 27.46 14.00
000006 848.67 52.86 24.03 15.99
000006 314.47 34.42 4.77 80.58
000006 852.90 3.76 23.05 16.67
000006 606.14 191.15 18.42 20.86
000006 317.15 12.55 4.80 80.09
000006 604.09 205.28 19.04 20.18
000006 591.97 162.55 13.31 28.88
000006 873.40 269.26 39.78 9.66
000006 584.46 222.72 19.14 20.08
000006 874.66 275.76 39.58 9.71
000006 339.59 33.31 5.14 74.72
000006 340.47 36.56 4.60 83.50
000006 895.02 257.63 41.89 9.18
000006 895.02 257.63 41.89 9.18
000006 895.26 138.85 26.43 14.54
000006 351.00 25.18 4.75 80.84
000006 896.64 107.57 26.70 14.40
000006 896.64 107.57 26.70 14.40
000006 1053.47 85.65 27.46 14.00
000006 1051.96 92.50 27.62 13.92
000006 555.97 127.13 18.41 20.88
000006 371.32 17.27 4.27 89.93
000006 371.32 17.27 4.27 89.93
000006 551.27 61.06 22.58 17.02
000006 375.06 20.83 4.24 90.70
000006 907.36 255.37 43.11 8.92
000006 907.36 255.37 43.11 8.92
000006 1035.70 152.94 47.61 8.07
000006 915.57 252.44 45.53 8.44
000006 384.69 28.86 4.48 85.82
000006 384.69 28.86 4.48 85.82
000006 384.69 7.59 4.28 89.71
000006 539.60 100.59 20.66 18.60
000006 538.65 55.08 22.58 17.02
000006 512.66 157.87 18.16 21.17
000006 948.10 254.88 49.22 7.81
000006 502.57 151.48 18.85 20.39
000006 1020.15 284.56 47.17 8.15
000006 960.34 136.27 26.79 14.35
000006 963.80 253.38 45.96 8.36
000006 974.08 47.20 26.56 14.47
000006 974.08 47.20 26.56 14.47
000006 426.93 8.13 16.05 23.95
000006 488.95 22.34 18.79 20.46
000006 488.95 22.34 18.79 20.46
000006 434.64 7.14 16.34 23.52
000006 986.13 247.13 45.65 8.42
000006 990.49 64.11 20.86 18.42
000006 990.49 64.11 20.86 18.42
000006 994.20 287.80 45.91 8.37
000006 454.34 8.55 15.67 24.53
000006 700.55 57.00 23.56 16.31
000006 700.55 57.00 23.56 16.31
000006 1214.20 207.95 42.41 9.06
000006 1003.28 286.07 94.43 4.07
000006 1214.20 207.95 42.41 9.06
000006 718.03 63.96 22.82 16.84
000006 1197.44 147.83 29.84 12.88
000006 719.69 60.45 22.70 16.93
000006 1193.06 270.79 41.68 9.22
000006 729.62 221.78 19.15 20.07
000006 738.98 209.04 18.57 20.70
000006 1178.33 251.51 40.62 9.46
000006 973.02 262.42 44.57 8.62
000006 1109.98 13.77 37.41 10.28
000006 954.58 287.62 45.73 8.40
000006 949.55 37.31 21.63 17.77
000006 816.07 153.33 35.01 10.98
000006 820.90 190.74 33.61 11.44
000006 636.72 343.76 55.53 6.92
000006 636.07 29.38 23.93 16.06
000006 517.29 151.65 18.49 20.79
000006 841.17 244.35 34.85 11.03
000006 843.32 188.44 35.81 10.73
000006 1084.61 6.55 34.99 10.99
000006 847.13 48.83 24.09 15.96
000006 309.99 55.64 3.24 118.63
000006 615.49 226.46 19.17 20.05
000006 539.75 25.95 21.24 18.10
000006 539.75 25.95 21.24 18.10
000006 851.11 49.73 23.89 16.09
000006 851.70 178.29 34.20 11.24
000006 542.04 98.12 20.65 18.61
000006 914.63 256.92 44.27 8.68
000006 605.84 183.23 17.67 21.76
000006 605.41 137.52 12.12 31.71
000006 854.68 50.22 23.52 16.34
000006 317.63 16.18 4.85 79.33
000006 857.44 48.00 23.47 16.38
000006 600.46 42.65 23.45 16.39
000006 598.84 195.05 18.84 20.41
000006 595.66 201.60 15.92 24.14
000006 365.19 25.91 5.57 69.06
000006 594.78 36.28 22.89 16.79
000006 868.87 210.76 35.84 10.73
000006 589.15 45.83 22.87 16.81
000006 873.39 59.06 23.83 16.13
000006 564.26 188.13 18.79 20.45
000006 583.01 197.17 18.89 20.35
000006 328.60 38.26 4.61 83.33
000006 346.85 33.12 4.85 79.29
000006 893.13 122.71 26.50 14.51
000006 336.03 31.52 4.62 83.16
000006 594.70 227.38 19.43 19.79
000006 745.96 241.81 44.59 8.62
000006 232.42 238.91 40.38 9.52
000006 306.50 15.98 4.59 83.72
000006 919.56 291.56 50.05 7.68
000007 511.03 144.55 11.84 32.47
000007 464.67 326.80 47.97 8.01
000007 430.92 315.23 44.27 8.68
000007 430.92 315.23 44.27 8.68
000007 512.73 25.59 11.18 34.39
000007 512.93 133.53 12.10 31.78
000007 514.84 196.02 13.57 28.33
000007 520.82 198.18 13.32 28.85
000007 525.05 222.03 17.93 21.43
000007 468.15 294.03 37.20 10.33
000007 542.00 193.68 9.73 39.51
000007 416.32 50.74 32.55 11.81
000007 415.80 316.16 43.84 8.77
000007 547.35 190.33 9.07 42.39
000007 509.59 22.83 11.26 34.13
000007 509.44 128.07 11.90 32.29
000007 509.12 24.30 11.86 32.41
000007 564.53 87.19 4.90 78.51
000007 509.12 24.30 11.86 32.41
000007 570.41 191.26 7.02 54.74
000007 570.41 191.26 7.02 54.74
000007 401.06 329.67 48.22 7.97
000007 398.44 360.93 58.96 6.52
000007 398.44 360.93 58.96 6.52
000007 437.56 187.34 22.56 17.04
000007 437.56 187.34 22.56 17.04
000007 589.24 173.49 3.26 117.84
000007 507.39 133.42 11.95 32.17
000007 507.25 142.08 11.71 32.83
000007 507.25 142.08 11.71 32.83
000007 506.80 154.93 11.82 32.53
000007 384.27 102.58 32.08 11.98
000007 506.80 154.93 11.82 32.53
000007 505.18 146.82 11.70 32.84
000007 504.71 158.76 11.60 33.12
000007 504.02 135.46 11.85 32.44
000007 503.84 164.92 12.17 31.59
000007 374.50 24.50 31.62 12.16
000007 460.16 243.47 35.11 10.95
000007 503.84 164.92 12.17 31.59
000007 503.77 206.22 12.92 29.75
000007 503.67 152.22 12.20 31.51
000007 503.67 182.83 11.61 33.12
000007 473.21 199.51 13.43 28.62
000007 623.50 179.84 4.46 86.19
000007 366.63 24.75 33.69 11.41
000007 473.21 199.51 13.43 28.62
000007 503.67 182.83 11.61 33.12
000007 502.82 131.28 11.79 32.60
000007 626.55 186.10 4.54 84.69
000007 626.55 186.10 4.54 84.69
000007 364.21 20.13 32.85 11.70
000007 501.81 174.59 13.06 29.42
000007 355.13 12.03 34.47 11.15
000007 350.72 39.37 34.17 11.25
000007 348.93 21.55 31.39 12.24
000007 499.27 157.27 14.64 26.25
000007 499.27 157.27 14.64 26.25
000007 343.54 221.75 34.92 11.01
000007 343.27 59.52 34.76 11.06
000007 657.61 183.15 6.89 55.83
000007 657.61 183.15 6.89 55.83
000007 661.16 200.52 8.76 43.90
000007 661.16 200.52 8.76 43.90
000007 475.05 266.59 30.72 12.51
000007 666.24 175.49 5.57 69.05
000007 668.19 199.90 9.22 41.69
000007 335.30 29.00 33.58 11.45
000007 335.30 29.00 33.58 11.45
000007 671.69 183.54 9.55 40.24
000007 330.20 24.66 35.45 10.84
000007 330.20 24.66 35.45 10.84
000007 326.05 16.51 35.94 10.69
000007 448.50 208.76 13.55 28.37
000007 187.72 310.14 92.52 4.15
000007 187.72 310.14 92.52 4.15
000007 321.65 18.05 36.28 10.59
000007 685.94 204.53 14.14 27.18
000007 319.09 8.96 37.04 10.38
000007 315.03 167.10 34.69 11.08
000007 311.77 189.77 35.48 10.83
000007 309.19 37.03 35.21 10.92
000007 309.19 37.03 35.21 10.92
000007 210.35 300.58 115.15 3.34
000007 300.44 201.43 35.95 10.69
000007 298.55 186.84 35.93 10.70
000007 298.55 186.84 35.93 10.70
000007 219.58 118.58 63.57 6.05
000007 291.33 12.01 37.77 10.18
000007 747.17 313.24 43.70 8.80
000007 290.49 17.52 37.63 10.21
000007 288.80 346.35 74.42 5.16
000007 895.15 179.18 49.68 7.74
000007 890.21 178.23 51.03 7.53
000007 886.66 174.47 49.66 7.74
000007 762.09 135.37 28.63 13.42
000007 884.83 179.95 48.86 7.87
000007 766.78 128.28 28.92 13.29
000007 285.25 18.74 37.49 10.25
000007 283.78 12.89 37.28 10.31
000007 864.57 179.03 48.34 7.95
000007 786.07 139.89 29.16 13.18
000007 266.15 345.43 76.01 5.06
000007 279.57 345.74 74.46 5.16
000007 279.15 357.27 74.42 5.16
000007 278.06 350.36 74.63 5.15
000007 809.41 260.24 40.40 9.51
000007 812.15 55.07 33.99 11.31
000007 276.36 13.79 37.44 10.27
000007 827.05 28.56 42.37 9.07
000007 274.93 363.55 74.72 5.14
000007 275.74 318.89 75.71 5.08
000007 829.10 323.04 47.68 8.06
000007 664.20 179.99 7.80 49.25
000007 631.12 279.58 33.82 11.37
000007 316.66 210.70 35.57 10.81
000007 453.96 296.32 38.32 10.03
000007 384.65 6.82 31.93 12.04
000007 887.93 180.48 49.16 7.82
000007 491.01 340.65 52.27 7.35
000007 677.24 184.79 7.97 48.23
000007 509.77 138.14 12.00 32.02
000007 509.77 138.14 12.00 32.02
000007 318.42 4.10 36.33 10.58
000007 616.69 165.51 2.42 158.52
000007 615.10 174.79 4.98 77.16
000007 111.94 322.40 -88.09 -4.36
000007 510.29 296.59 37.70 10.19
000007 600.86 166.27 2.59 148.25
000007 510.29 296.59 37.70 10.19
000007 626.32 183.05 4.48 85.77
000008 510.40 166.67 0.58 659.05
000008 510.40 166.67 0.58 659.05
000008 914.82 59.30 24.57 15.64
000008 872.21 31.96 22.15 17.35
000008 871.58 64.86 23.97 16.03
000008 869.62 92.86 23.44 16.40
000008 854.92 120.29 22.51 17.08
000008 1095.15 132.06 23.46 16.39
000008 843.61 40.91 17.62 21.81
000008 831.25 30.61 21.42 17.95
000008 831.25 30.61 21.42 17.95
000008 826.91 82.37 19.18 20.04
000008 821.93 122.81 19.29 19.93
000008 803.08 129.74 17.55 21.90
000008 793.08 117.56 17.24 22.29
000008 791.59 121.12 17.05 22.55
000008 790.43 126.18 16.24 23.66
000008 790.43 126.18 16.24 23.66
000008 784.00 119.50 16.48 23.33
000008 778.91 75.51 17.87 21.51
000008 774.75 109.21 15.99 24.04
000008 527.27 123.71 4.11 93.56
000008 91.23 73.77 -17.42 -22.07
000008 767.60 124.60 15.38 25.00
000008 96.09 112.40 18.44 20.85
000008 96.36 281.33 52.50 7.32
000008 534.01 110.99 4.15 92.70
000008 535.44 125.76 4.21 91.30
000008 462.38 117.53 15.66 24.54
000008 1173.84 130.64 21.86 17.58
000008 1072.98 54.97 36.91 10.41
000008 745.63 137.88 13.26 28.99
000008 745.56 88.68 13.88 27.70
000008 1173.32 120.89 21.31 18.04
000008 452.20 16.99 16.67 23.06
000008 1107.61 94.73 23.29 16.50
000008 124.34 130.29 15.79 24.34
000008 124.34 130.29 15.79 24.34
000008 1018.10 141.91 24.35 15.79
000008 740.02 149.35 13.02 29.51
000008 124.61 113.63 16.01 24.00
000008 739.99 154.59 13.20 29.13
000008 1018.21 132.80 24.39 15.76
000008 1018.67 117.30 24.28 15.83
000008 736.32 146.99 12.63 30.44
000008 133.73 112.41 15.70 24.48
000008 451.47 136.77 17.66 21.76
000008 134.28 113.05 16.25 23.66
000008 735.17 38.97 12.82 29.98
000008 732.77 33.19 12.85 29.91
000008 1109.89 118.53 24.17 15.91
000008 140.42 126.19 16.44 23.37
000008 441.09 126.17 19.45 19.76
000008 725.04 128.25 13.47 28.53
000008 440.76 82.48 19.40 19.81
000008 723.76 80.79 12.50 30.75
000008 723.76 80.79 12.50 30.75
000008 547.04 173.32 4.20 91.52
000008 547.26 88.36 1.97 194.98
000008 547.26 88.36 1.97 194.98
000008 1112.19 123.87 24.39 15.76
000008 1112.19 123.87 24.39 15.76
000008 144.19 14.02 -308.39 -1.25
000008 715.44 8.06 10.66 36.06
000008 548.68 139.51 4.05 94.97
000008 430.16 41.57 21.08 18.23
000008 713.01 4.03 10.54 36.48
000008 1021.42 125.33 25.12 15.30
000008 712.45 13.04 10.88 35.33
000008 157.30 19.19 41.20 9.33
000008 424.37 88.07 23.93 16.06
000008 424.02 35.91 22.16 17.34
000008 424.02 35.91 22.16 17.34
000008 421.30 82.39 24.10 15.95
000008 552.28 174.16 4.02 95.51
000008 416.44 28.05 7.37 52.16
000008 1064.99 151.27 9.76 39.40
000008 702.71 73.63 10.26 37.48
000008 702.71 73.63 10.26 37.48
000008 552.59 185.90 4.54 84.69
000008 701.80 54.09 10.69 35.95
000008 700.51 138.30 10.87 35.35
000008 700.30 138.57 10.66 36.05
000008 411.75 149.35 23.76 16.17
000008 552.59 185.90 4.54 84.69
000008 1160.47 125.68 22.39 17.17
000008 553.43 138.26 3.72 103.46
000008 696.83 60.81 10.23 37.59
000008 696.83 60.81 10.23 37.59
000008 695.46 57.91 10.77 35.68
000008 694.61 147.99 10.14 37.91
000008 694.23 173.73 10.07 38.16
000008 693.52 78.46 9.99 38.47
000008 693.52 78.46 9.99 38.47
000008 692.74 180.92 10.58 36.32
000008 691.00 175.99 9.78 39.29
000008 395.21 130.79 22.76 16.89
000008 689.08 182.96 9.79 39.27
000008 390.55 3.38 27.13 14.17
000008 687.11 174.25 9.65 39.83
000008 390.55 3.38 27.13 14.17
000008 569.96 157.19 4.96 77.56
000008 685.45 63.02 11.60 33.14
000008 685.45 63.02 11.60 33.14
000008 683.64 82.96 9.58 40.14
000008 683.64 82.96 9.58 40.14
000008 580.11 97.24 5.26 73.07
000008 1121.92 95.21 24.11 15.94
000008 680.10 23.78 9.15 42.02
000008 586.41 163.28 5.28 72.82
000008 354.93 28.67 34.08 11.28
000008 677.72 144.37 11.57 33.22
000008 676.08 22.44 9.53 40.35
000008 599.19 75.07 5.79 66.44
000008 1025.95 107.16 24.84 15.47
000008 599.66 175.56 6.29 61.14
000008 599.66 175.56 6.29 61.14
000008 600.42 135.13 5.46 70.39
000008 603.43 156.85 6.08 63.25
000008 604.35 171.61 5.68 67.62
000008 1128.16 100.34 23.28 16.51
000008 609.70 164.03 6.26 61.43
000008 609.70 164.03 6.26 61.43
000008 610.04 152.07 6.61 58.12
000008 610.04 152.07 6.61 58.12
000008 613.08 64.75 6.55 58.72
000008 613.08 64.75 6.55 58.72
000008 667.71 147.42 9.05 42.46
000008 667.57 71.79 7.58 50.71
000008 613.08 64.75 6.55 58.72
000008 1129.28 110.59 23.14 16.61
000008 667.57 71.79 7.58 50.71
000008 615.60 72.19 6.68 57.56
000008 619.33 102.63 6.51 59.06
000008 620.36 100.21 6.99 54.97
000008 620.85 69.22 6.77 56.78
000008 622.39 56.65 6.77 56.76
000008 623.17 110.73 6.77 56.74
000008 623.64 149.82 7.49 51.34
000008 624.56 177.11 6.50 59.15
000008 244.03 95.78 86.10 4.46
000008 655.60 96.58 8.24 46.64
000008 637.08 63.91 7.35 52.31
000008 637.69 104.55 7.49 51.35
000008 650.28 148.91 9.34 41.16
000008 649.33 84.17 6.86 56.02
000008 105.67 119.08 18.00 21.36
000008 460.17 104.81 15.71 24.47
000008 961.27 90.06 24.43 15.74
000008 1014.09 154.45 24.10 15.95
000008 640.09 98.92 7.83 49.07
000008 760.98 150.42 14.89 25.82
000008 653.48 38.91 6.89 55.81
000008 1014.91 61.15 23.69 16.22
000008 1107.58 123.56 24.19 15.89
000008 1108.60 114.01 24.18 15.89
000008 1108.60 114.01 24.18 15.89
000008 882.23 21.15 24.24 15.85
000008 531.70 118.63 3.39 113.39
000008 771.80 28.31 15.51 24.78
000008 631.06 67.28 7.27 52.85
000008 657.78 90.12 8.50 45.20
000008 447.89 92.93 18.47 20.81
000008 1037.61 108.56 23.35 16.46
000008 513.54 122.74 4.30 89.43
000008 661.87 140.10 8.85 43.41
000008 665.49 153.74 9.67 39.74
000008 433.72 216.02 20.16 19.06
000008 296.64 140.66 87.42 4.40
000008 296.64 140.66 87.42 4.40
000008 712.70 33.75 10.47 36.72
000008 500.33 132.25 4.49 85.59
000008 779.30 115.18 15.74 24.42
000008 550.92 81.29 2.26 170.26
000008 1164.82 137.33 22.22 17.30
000008 610.81 76.21 6.50 59.13
000008 702.93 109.67 10.49 36.64
000008 604.42 80.21 6.21 61.88
000008 702.93 109.67 10.49 36.64
000008 702.58 58.34 10.93 35.16
000008 702.40 68.26 10.48 36.69
000008 699.61 64.19 11.03 34.85
000008 552.99 82.57 1.56 245.79
000008 674.30 27.47 9.23 41.66
000008 674.30 27.47 9.23 41.66
000008 553.06 86.28 2.26 170.10
000008 863.28 82.85 23.33 16.48
000008 696.84 72.16 10.16 37.84
000008 590.64 92.81 6.33 60.73
000008 562.16 169.17 3.65 105.42
000008 690.34 171.57 9.78 39.31
000008 1048.71 203.78 38.17 10.07
000008 358.87 82.16 35.38 10.86
000008 491.18 131.31 4.19 91.68
000008 567.31 123.94 5.09 75.54
000008 822.59 207.39 19.10 20.13
000008 834.62 93.63 20.16 19.06
000008 686.09 181.43 9.91 38.79
000008 520.38 165.50 1.20 319.82
000008 518.84 128.55 4.11 93.62
000008 684.77 29.95 9.53 40.32
000008 1104.27 121.00 24.10 15.95
000008 257.33 304.88 100.90 3.81
000008 685.64 158.61 9.61 39.98
000008 790.51 177.31 21.99 17.48
000008 708.22 64.45 10.49 36.63
000008 497.97 134.61 4.46 86.11
000008 478.91 116.60 -176.91 -2.17
000008 535.34 98.89 2.12 181.43
000008 535.34 98.89 2.12 181.43
000008 687.35 76.79 9.98 38.50
000008 679.19 163.29 9.47 40.60
000008 557.46 164.97 4.98 77.14
000008 353.29 173.20 34.52 11.13
000008 1150.56 115.03 23.87 16.10
000008 523.31 112.02 4.43 86.80
000008 177.29 243.14 56.25 6.83
000008 515.10 118.40 4.20 91.50
000008 926.20 78.20 23.65 16.25
000008 599.18 85.64 5.35 71.80
000008 461.86 107.61 15.67 24.53
000008 698.66 21.16 10.07 38.17
000008 671.50 335.90 48.08 7.99
000008 108.73 127.26 16.57 23.20
000008 817.58 101.85 19.80 19.41
000008 384.33 225.31 29.99 12.82
000008 746.09 145.54 12.21 31.48
000008 834.80 103.96 20.58 18.68
000008 1120.80 112.02 24.30 15.82
000008 917.55 214.93 26.35 14.59
000008 915.55 213.16 24.35 15.78
000008 668.58 330.50 45.16 8.51
000008 498.79 122.04 4.53 84.81
000008 507.91 120.80 4.58 83.89
000008 1118.30 118.96 23.94 16.05
000008 1164.99 150.07 22.39 17.17
000008 578.24 84.09 2.78 138.03
000008 383.27 226.73 28.94 13.28
000008 364.26 21.16 33.30 11.54
000008 1015.95 153.09 24.05 15.98
000008 655.47 105.37 8.23 46.72
000008 870.05 14.21 155.04 2.48
000008 735.98 158.88 13.02 29.53
000008 849.49 92.93 21.92 17.53
000008 1111.08 136.38 23.59 16.30
000008 470.13 3.10 10.56 36.38
000008 658.77 151.87 8.49 45.26
000008 506.92 171.67 0.58 667.89
000008 252.29 143.54 10.89 35.29
000008 729.38 39.41 12.60 30.51
000008 640.31 43.49 7.76 49.54
000008 924.41 81.65 24.34 15.79
000008 613.87 68.64 6.64 57.93
000008 869.29 87.35 23.36 16.45
000008 668.03 40.64 8.98 42.78
000008 655.30 50.40 7.96 48.26
000008 414.64 196.19 24.29 15.82
000008 756.07 192.85 15.74 24.42
000008 496.94 125.29 4.37 87.99
000008 334.89 69.30 35.88 10.71
000008 1007.48 77.23 20.77 18.51
000009 370.08 63.45 10.51 36.57
000009 690.13 8.72 18.58 20.69
000009 690.13 8.72 18.58 20.69
000009 271.60 76.42 17.96 21.40
000009 271.60 76.42 17.96 21.40
000009 271.83 112.04 18.55 20.72
000009 683.38 311.60 44.80 8.58
000009 691.29 256.32 25.49 15.08
000009 691.29 256.32 25.49 15.08
000009 691.52 332.09 48.93 7.86
000009 692.05 13.55 18.52 20.75
000009 678.33 10.95 17.95 21.42
000009 677.53 63.63 17.55 21.90
000009 677.53 63.63 17.55 21.90
000009 677.18 194.75 21.97 17.49
000009 274.09 99.89 18.35 20.95
000009 670.98 195.03 22.49 17.09
000009 693.86 35.28 17.50 21.97
000009 274.49 74.28 18.13 21.20
000009 665.92 259.44 26.32 14.60
000009 269.02 124.30 19.15 20.08
000009 276.17 136.91 17.55 21.90
000009 694.98 16.62 17.77 21.63
000009 269.01 134.74 18.90 20.33
000009 88.51 350.72 47.28 8.13
000009 633.94 240.23 19.64 19.57
000009 632.47 267.05 28.09 13.68
000009 632.47 267.05 28.09 13.68
000009 627.79 252.67 23.27 16.52
000009 626.41 237.44 18.11 21.23
000009 279.56 234.87 19.81 19.41
000009 621.57 26.46 17.14 22.42
000009 280.90 87.99 17.57 21.88
000009 621.38 246.68 21.39 17.97
000009 266.61 74.54 19.22 20.00
000009 620.39 233.86 17.79 21.61
000009 619.51 237.66 18.52 20.75
000009 703.17 157.32 8.83 43.52
000009 266.05 91.64 19.52 19.69
000009 605.85 274.82 30.77 12.49
000009 265.55 96.74 19.12 20.10
000009 281.34 74.40 17.94 21.43
000009 605.56 236.92 16.27 23.62
000009 282.30 21.39 17.37 22.13
000009 602.81 260.04 23.64 16.26
000009 282.40 122.47 17.68 21.74
000009 97.96 221.72 34.39 11.18
000009 283.85 101.59 17.04 22.56
000009 285.03 76.43 17.00 22.61
000009 261.07 85.21 19.48 19.73
000009 261.07 85.21 19.48 19.73
000009 286.68 187.23 17.64 21.80
000009 260.54 107.81 19.90 19.32
000009 291.99 83.40 16.93 22.70
000009 99.29 78.26 33.58 11.45
000009 588.73 186.55 12.90 29.80
000009 588.73 186.55 12.90 29.80
000009 293.83 131.07 16.75 22.94
000009 99.51 27.08 33.65 11.42
000009 99.53 115.45 33.51 11.47
000009 99.55 91.93 33.36 11.52
000009 257.37 109.36 20.34 18.90
000009 255.97 122.95 19.72 19.49
000009 255.97 122.95 19.72 19.49
000009 100.45 199.89 34.06 11.29
000009 100.72 181.40 34.27 11.21
000009 100.72 181.40 34.27 11.21
000009 580.71 196.53 12.06 31.88
000009 101.20 136.93 33.40 11.51
000009 294.56 147.73 16.71 23.00
000009 102.13 194.23 33.63 11.43
000009 102.29 169.05 -48.03 -8.00
000009 297.19 11.33 16.55 23.22
000009 576.15 125.86 8.14 47.22
000009 254.15 39.53 19.76 19.45
000009 253.93 105.31 20.30 18.93
000009 253.93 105.31 20.30 18.93
000009 299.14 80.43 16.54 23.24
000009 574.44 204.15 11.41 33.69
000009 574.44 204.15 11.41 33.69
000009 573.41 152.62 3.51 109.60
000009 251.63 85.61 20.26 18.97
000009 251.41 165.12 20.11 19.12
000009 104.02 16.36 34.15 11.26
000009 251.19 160.20 20.16 19.06
000009 105.56 37.96 33.34 11.53
000009 105.82 61.31 33.78 11.38
000009 250.20 128.13 20.30 18.94
000009 571.05 125.49 8.59 44.76
000009 106.01 213.25 33.85 11.36
000009 106.52 233.59 33.78 11.38
000009 248.74 38.46 20.40 18.84
000009 107.17 176.34 33.57 11.45
000009 248.41 87.02 20.87 18.42
000009 107.25 156.52 33.01 11.64
000009 107.26 142.10 33.76 11.38
000009 107.26 142.10 33.76 11.38
000009 248.41 87.02 20.87 18.42
000009 248.25 70.57 20.78 18.50
000009 568.65 244.75 21.02 18.28
000009 247.83 145.44 20.94 18.36
000009 247.48 104.92 21.05 18.26
000009 108.65 116.01 33.90 11.34
000009 108.78 103.65 34.01 11.30
000009 109.04 132.14 33.14 11.60
000009 246.07 108.43 21.01 18.30
000009 109.24 156.84 33.71 11.40
000009 565.19 129.35 7.79 49.37
000009 314.02 223.63 29.58 12.99
000009 565.19 129.35 7.79 49.37
000009 110.75 262.04 33.51 11.47
000009 111.08 204.89 33.47 11.48
000009 244.50 72.35 21.02 18.29
000009 331.07 224.03 29.33 13.11
000009 562.92 222.88 12.48 30.79
000009 562.92 222.88 12.48 30.79
000009 112.08 209.72 33.50 11.47
000009 243.84 146.46 20.91 18.38
000009 243.19 115.82 21.19 18.14
000009 112.91 200.96 34.35 11.19
000009 113.94 252.67 33.68 11.41
000009 114.02 111.68 33.40 11.51
000009 555.50 222.08 12.61 30.48
000009 242.46 151.50 21.74 17.68
000009 242.00 133.54 21.02 18.29
000009 241.84 124.19 21.42 17.94
000009 239.56 96.80 21.63 17.77
000009 239.56 96.80 21.63 17.77
000009 239.56 96.80 21.63 17.77
000009 115.49 19.37 33.04 11.63
000009 115.69 274.06 33.86 11.35
000009 115.73 31.35 32.90 11.68
000009 116.76 132.68 33.50 11.48
000009 850.37 52.47 26.22 14.66
000009 117.72 65.84 33.25 11.56
000009 118.11 78.48 33.26 11.56
000009 119.01 39.71 32.39 11.87
000009 119.06 88.87 32.90 11.68
000009 119.51 97.03 33.10 11.61
000009 238.14 114.80 21.68 17.73
000009 120.20 13.97 32.58 11.80
000009 120.30 75.05 32.74 11.74
000009 120.30 75.05 32.74 11.74
000009 238.01 59.37 21.38 17.98
000009 350.87 226.83 27.83 13.81
000009 120.95 27.57 32.22 11.93
000009 237.49 119.25 21.83 17.60
000009 122.27 63.62 32.36 11.88
000009 122.39 126.09 33.22 11.57
000009 527.72 206.21 6.82 56.34
000009 122.69 94.04 32.08 11.98
000009 122.76 291.72 33.78 11.38
000009 124.19 192.19 33.15 11.59
000009 124.19 148.84 33.18 11.58
000009 124.20 178.66 32.86 11.70
000009 124.82 112.78 32.03 12.00
000009 124.86 201.88 32.61 11.79
000009 124.97 212.48 33.22 11.57
000009 125.22 22.69 31.46 12.22
000009 125.33 168.41 33.24 11.56
000009 525.39 211.26 9.12 42.14
000009 523.39 194.32 4.09 94.01
000009 355.73 138.70 11.51 33.38
000009 355.89 221.44 26.54 14.48
000009 127.37 45.74 31.35 12.26
000009 127.37 5.46 31.63 12.15
000009 519.49 187.71 3.38 113.70
000009 128.06 273.48 32.97 11.66
000009 517.60 204.81 7.40 51.92
000009 517.28 183.65 2.27 168.98
000009 514.31 194.59 4.11 93.59
000009 129.82 196.81 31.57 12.17
000009 129.90 19.06 31.26 12.30
000009 512.18 96.40 7.59 50.67
000009 357.66 65.67 10.92 35.19
000009 234.16 132.14 22.13 17.37
000009 358.10 104.86 11.43 33.62
000009 233.82 125.98 21.88 17.57
000009 358.81 134.10 11.16 34.44
000009 359.06 176.39 11.23 34.24
000009 132.89 193.57 31.16 12.34
000009 133.22 227.29 30.99 12.40
000009 507.63 193.51 4.72 81.50
000009 133.61 20.82 30.80 12.48
000009 913.66 120.11 79.92 4.81
000009 134.24 35.47 30.30 12.69
000009 504.93 251.18 21.95 17.51
000009 504.68 195.83 4.52 85.05
000009 232.32 103.46 22.41 17.15
000009 232.13 122.36 22.26 17.27
000009 135.77 7.64 30.34 12.67
000009 360.30 62.71 10.42 36.88
000009 501.41 192.79 4.50 85.47
000009 501.41 192.79 4.50 85.47
000009 499.52 144.82 2.31 166.31
000009 496.32 141.79 2.38 161.33
000009 496.32 141.79 2.38 161.33
000009 138.19 37.76 28.90 13.30
000009 138.37 40.93 31.77 12.10
000009 494.09 144.07 2.45 156.65
000009 138.63 55.21 30.53 12.59
000009 139.41 51.82 30.29 12.69
000009 360.71 41.70 11.20 34.32
000009 231.22 83.07 22.11 17.39
000009 231.22 83.07 22.11 17.39
000009 140.90 116.11 29.57 13.00
000009 141.21 248.67 31.06 12.37
000009 360.92 101.69 10.80 35.58
000009 230.63 57.83 22.52 17.07
000009 143.05 57.05 29.97 12.83
000009 143.63 200.69 30.51 12.60
000009 143.72 25.47 30.64 12.54
000009 362.58 34.22 11.00 34.93
000009 363.60 195.84 13.11 29.32
000009 363.99 188.65 10.47 36.71
000009 489.15 90.37 7.99 48.13
000009 488.75 190.01 3.57 107.73
000009 364.43 2.96 10.20 37.70
000009 487.37 193.89 3.30 116.31
000009 365.15 273.81 28.81 13.34
000009 147.40 34.51 29.16 13.18
000009 147.67 185.93 27.39 14.03
000009 147.92 59.20 29.71 12.94
000009 486.94 94.68 8.61 44.62
000009 148.41 78.93 29.62 12.98
000009 148.41 78.93 29.62 12.98
000009 486.39 19.07 8.72 44.07
000009 148.56 24.86 29.57 13.00
000009 151.33 43.35 29.22 13.15
000009 229.21 136.03 22.62 16.99
000009 482.80 57.88 8.50 45.21
000009 228.99 131.44 22.44 17.13
000009 152.15 169.31 27.44 14.01
000009 152.35 199.82 29.28 13.13
000009 228.86 123.62 22.79 16.87
000009 482.42 283.12 37.76 10.18
000009 228.18 54.77 22.28 17.25
000009 227.19 49.71 22.87 16.81
000009 154.62 37.73 30.01 12.81
000009 368.14 59.68 10.51 36.57
000009 368.32 50.47 10.28 37.40
000009 370.08 63.45 10.51 36.57
000009 223.76 83.95 22.97 16.73
000009 480.86 194.34 3.51 109.66
000009 156.17 20.13 28.47 13.50
000009 156.31 199.63 28.36 13.55
000009 479.47 91.99 8.62 44.58
000009 479.17 52.01 8.98 42.80
000009 478.94 56.67 8.26 46.53
000009 159.64 240.13 29.42 13.07
000009 160.78 262.42 29.03 13.24
000009 160.78 262.42 29.03 13.24
000009 474.98 41.18 8.46 45.46
000009 474.72 104.36 8.31 46.23
000009 372.77 46.80 10.33 37.21
000009 222.46 76.30 23.06 16.67
000009 163.02 22.42 28.09 13.68
000009 472.79 177.18 2.99 128.61
000009 163.21 104.92 27.71 13.87
000009 472.09 60.93 8.63 44.55
000009 164.42 174.88 27.56 13.94
000009 471.58 87.29 8.43 45.62
000009 165.11 202.40 28.79 13.35
000009 165.79 248.07 28.66 13.41
000009 373.32 51.42 10.62 36.20
000009 471.36 44.95 9.26 41.52
000009 166.25 183.14 27.66 13.90
000009 166.25 183.14 27.66 13.90
000009 166.27 46.02 27.84 13.81
000009 166.99 199.18 27.73 13.86
000009 470.52 63.92 8.48 45.33
000009 470.34 32.50 8.99 42.75
000009 470.34 32.50 8.99 42.75
000009 168.33 88.81 -29.77 -12.91
000009 470.01 40.26 8.87 43.33
000009 468.89 81.38 8.52 45.11
000009 468.89 107.64 8.26 46.56
000009 468.68 92.18 8.71 44.12
000009 467.41 104.33 8.41 45.69
000009 466.96 191.90 3.80 101.11
000009 466.78 75.01 9.44 40.70
000009 466.77 41.69 8.70 44.16
000009 466.43 63.59 9.41 40.87
000009 465.58 60.11 9.22 41.70
000009 218.13 103.74 24.44 15.73
000009 464.94 117.85 2.48 155.15
000009 374.53 71.37 9.55 40.25
000009 374.85 6.42 9.12 42.16
000009 464.34 196.98 3.99 96.32
000009 464.15 137.41 3.16 121.73
000009 173.30 220.14 28.21 13.62
000009 217.59 56.83 23.42 16.41
000009 463.66 203.12 4.98 77.13
000009 463.66 203.12 4.98 77.13
000009 462.84 191.93 3.94 97.54
000009 173.99 29.54 27.14 14.16
000009 174.34 251.16 27.97 13.74
000009 174.34 251.16 27.97 13.74
000009 462.49 112.11 6.94 55.41
000009 174.81 73.45 26.85 14.32
000009 217.47 197.48 23.78 16.17
000009 217.28 40.07 -50.74 -7.57
000009 461.10 64.42 8.78 43.77
000009 460.34 98.19 8.20 46.87
000009 175.54 184.13 27.37 14.05
000009 460.34 98.19 8.20 46.87
000009 215.12 112.36 23.08 16.65
000009 176.10 66.87 26.74 14.37
000009 458.52 186.47 3.24 118.46
000009 457.34 125.27 3.75 102.43
000009 176.91 205.56 27.35 14.05
000009 456.85 94.08 8.71 44.13
000009 379.58 92.94 9.52 40.36
000009 177.42 138.96 27.10 14.18
000009 178.12 225.95 27.09 14.19
000009 178.17 131.63 27.46 14.00
000009 380.53 123.79 9.02 42.60
000009 380.54 63.62 8.97 42.83
000009 380.95 23.28 8.87 43.32
000009 179.31 48.21 26.47 14.52
000009 179.47 158.73 26.96 14.26
000009 212.16 68.66 23.47 16.38
000009 454.09 99.30 8.30 46.31
000009 453.28 95.12 7.96 48.27
000009 382.90 18.62 8.75 43.95
000009 453.28 95.12 7.96 48.27
000009 452.54 237.04 23.80 16.15
000009 210.01 197.40 24.36 15.78
000009 181.84 209.65 26.78 14.36
000009 181.84 209.65 26.78 14.36
000009 181.92 81.80 26.78 14.35
000009 181.99 97.12 26.27 14.63
000009 209.86 177.75 23.77 16.17
000009 452.12 223.89 23.37 16.44
000009 451.70 67.52 8.93 43.05
000009 450.11 161.70 2.78 138.10
000009 384.21 64.10 8.56 44.88
000009 208.99 183.59 23.76 16.18
000009 449.41 235.54 23.85 16.11
000009 208.91 149.67 24.00 16.02
000009 384.21 64.10 8.56 44.88
000009 208.48 70.44 23.88 16.09
000009 447.57 131.79 3.18 120.93
000009 447.28 214.98 25.44 15.11
000009 446.80 245.50 23.99 16.02
000009 446.80 245.50 23.99 16.02
000009 184.01 34.33 25.32 15.18
000009 184.29 47.84 26.92 14.28
000009 184.30 156.58 25.81 14.89
000009 446.21 235.60 23.81 16.14
000009 207.60 247.58 25.86 14.86
000009 207.60 247.58 25.86 14.86
000009 445.70 108.35 4.26 90.27
000009 445.70 108.35 4.26 90.27
000009 445.61 134.85 3.25 118.25
000009 207.55 120.10 24.01 16.01
000009 185.91 78.75 25.98 14.79
000009 205.23 185.06 24.67 15.58
000009 390.38 132.17 7.82 49.16
000009 441.84 139.20 3.39 113.38
000009 441.23 133.03 3.43 112.13
000009 186.61 89.66 26.03 14.76
000009 390.38 132.17 6.52 58.95
000009 440.66 260.87 24.92 15.43
000009 439.54 120.88 3.29 116.81
000009 187.13 96.82 26.23 14.66
000009 187.20 199.27 26.21 14.67
000009 187.51 140.05 26.01 14.78
000009 439.42 161.12 3.56 108.10
000009 187.92 59.40 26.08 14.74
000009 187.92 59.40 26.08 14.74
000009 187.93 73.09 25.77 14.91
000009 187.99 174.91 26.12 14.71
000009 188.11 184.44 26.22 14.66
000009 437.89 166.62 4.57 84.17
000009 391.21 75.68 10.80 35.60
000009 437.46 144.09 3.46 111.17
000009 189.11 179.97 26.59 14.46
000009 436.53 138.51 3.74 102.79
000009 391.75 175.98 7.88 48.75
000009 203.28 180.10 25.03 15.36
000009 436.16 115.60 4.27 90.06
000009 435.53 125.73 3.93 97.87
000009 190.48 56.01 25.63 15.00
000009 190.48 56.01 25.63 15.00
000009 426.11 133.79 4.57 84.05
000009 425.10 102.49 4.49 85.53
000009 424.46 110.38 5.30 72.48
000009 418.50 92.65 4.47 85.95
000009 412.39 108.90 5.90 65.15
000009 411.40 96.68 3.89 98.72
000009 192.08 163.60 26.06 14.75
000009 202.71 32.51 24.67 15.58
000009 192.57 209.72 25.93 14.83
000009 193.22 224.75 26.02 14.77
000009 193.47 46.23 25.67 14.97
000009 202.41 139.35 25.14 15.29
000009 194.12 189.40 25.76 14.92
000009 194.23 66.04 25.26 15.21
000009 194.33 195.80 25.56 15.04
000009 408.39 266.44 28.15 13.65
000009 202.03 190.39 25.25 15.22
000009 201.67 53.25 24.80 15.50
000009 406.97 181.64 6.51 59.09
000009 405.90 120.01 6.65 57.80
000009 201.40 128.33 24.99 15.38
000009 195.22 87.33 25.36 15.16
000009 393.72 275.42 29.21 13.16
000009 195.34 110.99 25.50 15.07
000009 195.71 69.62 25.96 14.81
000009 200.92 184.42 24.82 15.49
000009 196.85 163.73 25.49 15.08
000009 197.09 22.12 24.88 15.45
000009 200.49 114.93 25.21 15.25
000009 198.17 157.84 25.55 15.04
000009 198.28 98.47 24.45 15.72
000009 198.28 98.47 24.45 15.72
000009 200.31 118.69 25.29 15.20
000009 396.30 131.73 7.14 53.81
000009 198.99 60.47 24.52 15.67
000009 199.94 40.57 25.03 15.36
000009 396.95 156.97 7.30 52.69
000009 199.87 171.96 25.26 15.22
000009 235.13 101.12 22.09 17.40
000009 123.46 118.97 32.34 11.88
000009 196.43 42.44 25.39 15.14
000009 533.63 202.54 6.42 59.90
000009 195.26 136.17 25.72 14.94
000009 238.51 136.09 21.55 17.83
000009 901.87 36.64 30.15 12.75
000009 489.25 106.88 7.91 48.60
000009 150.09 230.54 29.56 13.01
000009 189.42 37.11 25.80 14.90
000009 187.10 192.84 26.31 14.61
000009 107.48 292.32 34.39 11.18
000009 473.61 345.85 52.76 7.29
000009 1047.13 100.72 41.13 9.34
000009 569.11 151.50 48.21 7.97
000009 299.21 122.17 16.30 23.59
000009 214.19 79.48 23.75 16.19
000009 208.44 100.81 23.81 16.14
000009 213.84 47.45 23.33 16.47
000009 182.58 189.12 25.46 15.10
000009 181.69 57.92 26.19 14.68
000009 383.37 230.29 29.06 13.22
000009 177.00 188.96 28.43 13.52
000009 349.95 212.88 27.86 13.80
000009 811.04 64.66 23.17 16.59
000009 811.04 64.66 23.17 16.59
000009 275.50 169.52 18.45 20.84
000009 98.01 41.24 34.43 11.16
000009 275.64 169.35 18.58 20.68
000010 837.47 16.34 2.81 136.06
000010 1175.18 264.65 356.04 1.07
000010 1171.96 246.20 61.55 6.21
000010 1171.78 273.38 54.36 7.04
000010 1167.83 275.85 53.74 7.12
000010 79.82 279.83 33.37 11.46
000010 79.82 279.83 33.37 11.46
000010 93.69 274.22 32.60 11.73
000010 96.67 270.08 32.07 11.93
000010 104.47 272.03 31.94 11.97
000010 111.59 132.59 18.42 20.76
000010 114.51 273.61 32.05 11.93
000010 143.77 275.99 32.50 11.77
000010 157.66 322.29 42.47 9.00
000010 159.39 286.61 33.99 11.25
000010 169.83 132.26 18.44 20.74
000010 193.86 268.64 31.19 12.26
000010 1137.81 180.97 128.55 2.98
000010 197.89 263.94 31.15 12.28
000010 200.58 272.14 32.17 11.89
000010 202.44 263.94 31.05 12.32
000010 202.44 263.94 31.05 12.32
000010 202.69 267.60 31.14 12.28
000010 202.69 267.60 31.14 12.28
000010 207.43 263.30 31.06 12.31
000010 1130.27 244.89 33.00 11.59
000010 1123.19 341.89 57.92 6.60
000010 1122.33 219.41 22.00 17.38
000010 225.57 262.19 30.72 12.45
000010 230.81 266.14 30.92 12.37
000010 1106.58 124.46 15.16 25.22
000010 240.81 261.27 31.26 12.23
000010 241.87 254.02 30.59 12.50
000010 243.84 269.52 31.66 12.08
000010 244.03 243.54 30.57 12.51
000010 1098.41 124.97 16.62 23.01
000010 1093.71 43.39 4.58 83.57
000010 255.75 264.61 30.24 12.65
000010 1089.09 207.02 18.91 20.22
000010 1085.46 121.30 18.81 20.33
000010 265.09 268.19 31.22 12.25
000010 265.63 264.29 30.71 12.46
000010 1079.47 198.67 19.20 19.92
000010 1079.42 192.36 19.08 20.04
000010 1079.17 168.66 19.00 20.13
000010 276.37 263.60 30.30 12.62
000010 1079.07 154.34 19.11 20.02
000010 1078.35 107.80 15.70 24.36
000010 279.99 267.51 31.28 12.22
000010 1076.29 149.03 18.90 20.24
000010 1076.11 172.44 18.84 20.30
000010 1075.90 138.87 19.55 19.56
000010 1075.90 138.87 19.55 19.56
000010 1075.68 186.62 19.21 19.91
000010 1075.57 166.61 18.96 20.18
000010 1074.21 199.27 19.50 19.62
000010 286.59 252.87 30.85 12.40
000010 1072.95 150.37 19.03 20.09
000010 287.74 258.51 30.43 12.57
000010 288.00 258.55 30.69 12.46
000010 1072.72 157.03 18.89 20.25
000010 1072.61 163.94 18.74 20.41
000010 1072.19 179.22 19.85 19.27
000010 294.18 261.63 30.26 12.64
000010 294.18 261.63 30.26 12.64
000010 1067.53 157.55 18.81 20.33
000010 1067.27 189.17 19.17 19.95
000010 1067.27 189.17 19.17 19.95
000010 1067.13 199.70 19.60 19.52
000010 1066.71 187.84 19.58 19.53
000010 1066.62 119.09 15.48 24.71
000010 1066.54 203.94 20.05 19.08
000010 1065.80 173.17 19.04 20.09
000010 1065.70 143.83 18.95 20.18
000010 300.32 258.09 30.17 12.68
000010 1064.72 136.41 18.73 20.42
000010 1062.82 191.76 19.97 19.15
000010 1062.34 158.05 19.13 19.99
000010 1062.19 147.59 19.15 19.97
000010 1062.19 147.59 19.15 19.97
000010 1061.21 140.59 18.65 20.51
000010 1061.21 140.59 18.65 20.51
000010 1059.97 224.42 20.66 18.52
000010 1059.15 161.80 18.83 20.31
000010 1058.70 199.91 19.63 19.49
000010 1058.63 186.03 19.41 19.70
000010 1058.07 172.18 19.78 19.34
000010 1057.99 136.73 19.81 19.31
000010 1057.63 145.37 19.30 19.82
000010 1057.00 99.72 4.48 85.34
000010 1057.00 99.72 4.48 85.34
000010 1052.58 195.41 19.85 19.26
000010 1050.84 146.15 19.39 19.72
000010 1050.27 145.53 18.82 20.32
000010 1049.47 211.50 21.67 17.65
000010 1037.82 199.14 23.12 16.54
000010 1036.57 225.84 22.90 16.70
000010 1034.82 346.30 57.89 6.61
000010 328.91 305.78 40.18 9.52
000010 330.42 260.23 30.14 12.69
000010 1032.42 184.36 23.15 16.52
000010 1032.42 184.36 23.15 16.52
000010 331.93 258.00 29.33 13.04
000010 1031.74 133.75 23.90 16.01
000010 1028.47 186.97 23.05 16.59
000010 1027.45 193.46 23.07 16.58
000010 1027.20 61.15 4.96 77.09
000010 339.80 255.60 29.55 12.94
000010 1021.54 101.61 7.33 52.17
000010 1021.49 222.93 22.90 16.70
000010 352.59 263.41 30.04 12.73
000010 1018.53 207.07 23.11 16.55
000010 1010.41 170.49 20.56 18.61
000010 1007.12 92.24 7.79 49.09
000010 1003.14 176.43 20.08 19.05
000010 998.73 306.19 43.40 8.81
000010 997.50 183.39 25.20 15.18
000010 997.50 183.39 25.20 15.18
000010 991.36 98.11 11.32 33.77
000010 987.79 205.17 20.89 18.31
000010 987.79 205.17 20.89 18.31
000010 986.14 188.92 21.73 17.60
000010 396.08 267.83 30.46 12.55
000010 408.03 302.06 40.22 9.51
000010 416.37 365.24 58.45 6.54
000010 416.37 365.24 58.45 6.54
000010 961.56 32.68 68.48 5.58
000010 956.81 41.11 63.73 6.00
000010 948.48 55.38 4.24 90.30
000010 947.53 87.35 6.42 59.53
000010 944.98 121.54 13.02 29.38
000010 453.12 257.61 29.44 12.99
000010 456.62 343.62 52.24 7.32
000010 937.56 54.10 3.85 99.38
000010 931.52 57.78 4.20 90.96
000010 930.96 29.73 3.93 97.36
000010 925.20 58.08 4.48 85.37
000010 925.20 58.08 4.48 85.37
000010 924.78 30.37 4.67 81.86
000010 918.14 49.93 84.85 4.51
000010 916.97 127.23 17.29 22.12
000010 486.71 142.36 15.03 25.44
000010 486.90 28.58 16.67 22.94
000010 916.27 85.88 3.08 124.26
000010 913.13 73.27 3.41 112.24
000010 911.91 42.26 4.69 81.56
000010 911.86 87.34 3.99 95.76
000010 911.86 87.34 3.99 95.76
000010 911.16 48.67 4.51 84.85
000010 909.26 97.97 2.90 131.90
000010 907.01 59.74 4.07 94.04
000010 495.32 140.67 16.06 23.81
000010 495.32 140.67 16.06 23.81
000010 903.05 45.55 3.40 112.38
000010 901.75 159.98 22.46 17.03
000010 901.64 176.86 22.48 17.01
000010 900.34 65.70 3.58 106.86
000010 900.34 65.70 3.58 106.86
000010 899.67 38.88 3.82 100.20
000010 897.87 86.65 2.75 139.05
000010 515.09 255.14 28.74 13.31
000010 895.65 66.54 3.82 99.99
000010 519.30 337.25 50.65 7.55
000010 521.35 254.95 28.99 13.19
000010 895.40 185.00 21.96 17.42
000010 895.40 185.00 21.96 17.42
000010 893.32 97.47 5.67 67.46
000010 890.77 104.61 -20.15 -18.98
000010 883.73 14.84 3.28 116.48
000010 538.90 260.73 29.18 13.10
000010 878.77 89.09 7.47 51.21
000010 549.96 253.22 27.46 13.93
000010 550.28 260.12 28.80 13.28
000010 876.13 19.74 3.47 110.19
000010 867.68 119.53 19.93 19.19
000010 858.42 132.08 23.18 16.50
000010 856.38 185.80 23.03 16.61
000010 855.47 66.72 8.68 44.04
000010 854.22 28.54 3.23 118.30
000010 567.17 252.57 28.46 13.44
000010 569.81 117.48 22.46 17.03
000010 850.42 81.95 8.76 43.67
000010 572.58 346.69 53.53 7.14
000010 572.84 331.57 49.25 7.77
000010 577.47 330.83 49.18 7.78
000010 577.47 330.83 49.18 7.78
000010 848.12 64.24 7.89 48.44
000010 848.12 64.24 7.89 48.44
000010 847.41 124.86 23.71 16.13
000010 845.01 242.97 37.04 10.32
000010 587.82 354.69 56.50 6.77
000010 588.15 118.28 25.36 15.08
000010 844.05 234.47 37.00 10.34
000010 591.28 296.10 38.90 9.83
000010 841.52 13.42 2.80 136.73
000010 593.03 84.08 25.86 14.79
000010 595.71 109.71 26.18 14.61
000010 839.80 28.01 3.80 100.71
000010 597.32 293.46 38.31 9.98
000010 597.47 106.51 25.79 14.83
000010 837.47 16.34 2.81 136.06
000010 598.35 243.43 26.73 14.31
000010 837.02 60.98 9.29 41.15
000010 836.16 33.97 11.92 32.08
000010 835.85 238.58 37.21 10.28
000010 835.41 20.55 3.08 124.14
000010 835.09 78.82 11.09 34.48
000010 835.09 78.82 11.09 34.48
000010 602.64 245.32 26.77 14.28
000010 834.74 95.59 9.33 40.99
000010 833.71 86.85 10.16 37.66
000010 832.71 16.05 2.90 131.97
000010 604.97 178.61 26.06 14.68
000010 605.22 84.01 25.89 14.77
000010 832.36 238.29 37.19 10.28
000010 605.78 99.67 25.80 14.83
000010 605.78 99.67 25.80 14.83
000010 606.65 137.83 25.88 14.78
000010 607.12 327.11 47.94 7.98
000010 607.50 194.45 25.84 14.80
000010 607.71 181.17 25.73 14.86
000010 608.02 241.93 25.60 14.94
000010 830.51 270.16 34.53 11.07
000010 610.30 198.44 25.77 14.84
000010 610.53 183.90 25.81 14.82
000010 830.07 42.35 10.15 37.66
000010 829.18 164.50 29.93 12.78
000010 614.73 332.84 49.95 7.66
000010 828.65 61.79 10.27 37.24
000010 826.42 64.70 10.13 37.75
000010 825.51 254.52 36.76 10.40
000010 824.92 167.93 21.76 17.58
000010 824.84 36.68 9.84 38.88
000010 820.78 164.03 21.54 17.76
000010 818.73 132.45 21.33 17.93
000010 818.46 146.66 9.92 38.55
000010 818.45 226.14 35.69 10.71
000010 818.45 226.14 35.69 10.71
000010 648.60 339.56 51.41 7.44
000010 817.49 21.32 8.66 44.15
000010 816.94 135.61 21.03 18.19
000010 816.37 167.80 21.29 17.96
000010 656.80 246.86 26.90 14.22
000010 814.46 260.13 34.28 11.16
000010 659.15 241.87 25.79 14.83
000010 814.22 128.53 20.65 18.52
000010 813.51 166.32 21.36 17.91
000010 662.99 188.04 13.72 27.88
000010 665.17 184.12 13.77 27.77
000010 811.90 265.37 33.15 11.54
000010 666.07 189.11 13.96 27.39
000010 666.07 189.11 13.96 27.39
000010 811.90 265.37 33.15 11.54
000010 667.91 184.62 13.77 27.78
000010 811.14 257.66 49.82 7.68
000010 670.75 238.18 25.84 14.80
000010 670.89 185.23 13.95 27.42
000010 670.89 185.23 13.95 27.42
000010 672.00 177.96 13.80 27.72
000010 672.63 177.66 14.42 26.52
000010 805.96 273.67 33.70 11.35
000010 673.61 241.48 26.02 14.70
000010 805.61 262.96 33.81 11.31
000010 803.62 249.65 34.98 10.93
000010 676.82 237.89 24.41 15.67
000010 801.08 152.09 21.88 17.48
000010 800.63 245.56 33.66 11.36
000010 679.89 171.48 13.90 27.52
000010 798.92 191.17 23.89 16.01
000010 798.41 191.48 23.39 16.35
000010 798.05 172.02 23.50 16.27
000010 794.43 194.72 23.22 16.47
000010 793.29 248.15 -169.75 -2.25
000010 682.94 237.63 24.88 15.37
000010 791.42 250.94 33.53 11.41
000010 683.90 166.62 14.15 27.03
000010 791.33 176.48 23.23 16.46
000010 790.29 167.51 21.64 17.68
000010 684.70 177.59 14.26 26.81
000010 788.15 188.00 23.40 16.34
000010 778.28 239.89 24.72 15.47
000010 687.64 244.91 26.23 14.58
000010 774.01 261.83 32.31 11.84
000010 760.21 236.95 24.86 15.38
000010 759.93 240.89 25.79 14.83
000010 748.36 240.86 25.27 15.14
000010 733.12 242.10 25.64 14.92
000010 732.98 251.88 26.90 14.22
000010 697.71 244.56 26.33 14.53
000010 706.85 236.37 25.07 15.26
000010 714.41 236.09 24.81 15.42
000010 495.73 343.02 52.07 7.35
000010 965.42 23.52 128.25 2.98
000010 889.83 25.38 3.05 125.40
000010 910.13 164.39 22.25 17.19
000010 728.15 237.24 24.92 15.35
000010 532.72 339.50 51.42 7.44
000010 1033.83 264.62 34.81 10.99
000010 1033.83 264.62 34.81 10.99
000010 740.16 237.33 25.03 15.28
000010 741.84 282.55 35.41 10.80
000010 1171.42 267.48 356.40 1.07
000010 1090.87 165.01 18.68 20.47
000010 842.43 35.20 3.56 107.30
000010 1077.28 195.88 19.31 19.81
000010 1042.63 110.93 133.97 2.85
000010 1077.28 195.88 19.31 19.81
000010 1102.04 176.18 16.33 23.42
000010 599.19 87.67 26.19 14.60
000010 1102.90 130.12 16.54 23.12
000010 1154.51 331.70 55.49 6.89
000010 447.59 358.52 56.19 6.81
000010 1020.31 136.60 20.36 18.78
000010 1020.31 136.60 20.36 18.78
000010 1070.00 183.05 19.32 19.79
000010 617.82 317.69 47.82 8.00
000010 981.54 333.97 53.03 7.21
000010 638.53 219.93 21.86 17.49
000010 901.63 137.60 22.31 17.15
000010 653.73 339.29 51.81 7.38
000010 581.06 332.81 49.64 7.71
000010 604.09 321.95 45.37 8.43
000010 680.14 336.68 50.41 7.59
000010 212.15 92.75 14.32 26.70
