000011 178.84 182.77 7.71 49.62
000011 419.23 17.46 8.18 46.75
000011 378.39 144.47 16.63 23.00
000011 15.91 182.64 -135.59 -2.82
000011 432.66 146.53 14.61 26.19
000011 438.34 118.78 15.41 24.82
000011 439.06 19.99 8.50 44.97
000011 441.95 27.54 8.37 45.69
000011 442.19 17.17 8.35 45.77
000011 444.69 130.13 15.23 25.11
000011 339.61 191.00 23.70 16.14
000011 458.42 202.06 17.23 22.20
000011 322.17 228.76 30.76 12.43
000011 1110.81 323.67 126.71 3.02
000011 316.78 148.83 18.64 20.52
000011 532.26 255.56 26.04 14.68
000011 532.26 255.56 26.04 14.68
000011 312.58 277.98 33.54 11.40
000011 1106.26 290.60 120.57 3.17
000011 1106.26 290.60 120.57 3.17
000011 307.55 271.37 31.00 12.34
000011 306.54 275.33 34.20 11.18
000011 1106.26 290.60 120.57 3.17
000011 301.77 148.24 18.82 20.32
000011 301.77 148.24 18.82 20.32
000011 589.37 192.36 15.47 24.72
000011 294.58 147.13 18.34 20.85
000011 605.39 193.02 15.95 23.98
000011 611.36 205.52 15.00 25.50
000011 658.84 26.83 5.27 72.61
000011 658.84 26.83 5.27 72.61
000011 664.92 216.67 31.93 11.98
000011 670.63 54.00 5.79 66.01
000011 912.06 56.53 28.05 13.64
000011 912.06 56.53 28.05 13.64
000011 907.38 244.37 27.36 13.98
000011 902.70 97.39 27.07 14.13
000011 680.02 89.38 7.39 51.77
000011 680.02 89.38 7.39 51.77
000011 894.09 14.13 30.12 12.70
000011 682.02 43.21 6.92 55.24
000011 209.50 154.87 18.29 20.90
000011 208.16 294.20 43.77 8.74
000011 208.16 294.20 43.77 8.74
000011 858.61 277.76 38.13 10.03
000011 854.03 25.47 22.52 16.99
000011 852.35 222.84 21.79 17.55
000011 71.55 156.19 15.09 25.34
000011 190.22 151.76 17.93 21.33
000011 843.42 41.75 21.61 17.70
000011 843.42 41.75 21.61 17.70
000011 710.48 71.16 8.90 42.99
000011 710.48 71.16 8.90 42.99
000011 712.12 145.78 8.93 42.83
000011 178.84 182.77 7.71 49.62
000011 713.87 137.08 9.39 40.71
000011 715.67 127.85 9.66 39.60
000011 833.18 54.30 21.10 18.13
000011 833.03 45.89 21.14 18.09
000011 715.67 127.85 9.66 39.60
000011 175.09 188.19 6.20 61.67
000011 828.50 193.57 23.25 16.45
000011 79.71 155.00 15.32 24.96
000011 79.74 132.58 8.08 47.35
000011 720.17 66.72 -8.16 -46.87
000011 722.84 96.25 9.32 41.03
000011 164.01 188.44 6.68 57.25
000011 723.24 27.19 9.64 39.68
000011 725.40 64.82 9.91 38.58
000011 726.66 99.70 9.43 40.54
000011 728.51 42.63 9.48 40.36
000011 731.17 127.92 10.01 38.21
000011 733.10 134.22 10.10 37.88
000011 737.72 50.14 9.45 40.47
000011 813.64 55.79 19.45 19.67
000011 738.20 61.57 9.87 38.76
000011 812.97 46.71 19.40 19.72
000011 738.20 61.57 -16.46 -23.23
000011 738.20 61.57 9.87 38.76
000011 738.68 130.13 10.05 38.07
000011 738.68 130.13 10.05 38.07
000011 740.21 136.52 10.26 37.28
000011 741.98 50.52 9.90 38.62
000011 742.85 98.26 9.85 38.84
000011 742.85 98.26 9.85 38.84
000011 749.33 59.00 10.00 38.23
000011 750.48 97.08 9.60 39.85
000011 755.68 47.08 9.85 38.85
000011 799.52 217.50 16.87 22.67
000011 797.76 92.06 17.63 21.69
000011 797.76 92.06 17.63 21.69
000011 796.18 50.96 17.33 22.06
000011 761.01 47.01 10.17 37.60
000011 796.18 50.96 17.33 22.06
000011 761.88 35.19 10.16 37.63
000011 764.59 241.46 23.80 16.07
000011 795.22 31.87 17.35 22.04
000011 764.59 241.46 23.80 16.07
000011 764.92 56.14 10.26 37.27
000011 764.92 56.14 10.26 37.27
000011 765.56 43.64 10.05 38.06
000011 766.28 49.77 10.12 37.79
000011 781.30 204.31 18.50 20.67
000011 785.01 194.61 18.64 20.52
000011 851.67 78.29 22.62 16.91
000011 783.10 237.97 25.96 14.73
000011 783.10 237.97 25.96 14.73
000011 606.11 216.46 15.13 25.28
000011 1009.78 27.56 36.48 10.48
000011 602.33 192.87 15.86 24.11
000011 598.63 206.16 15.95 23.98
000011 253.06 289.94 39.22 9.75
000011 253.06 289.94 39.22 9.75
000011 591.33 188.39 15.71 24.35
000011 237.44 303.53 41.34 9.25
000011 1106.50 297.49 120.83 3.17
000011 667.78 43.69 5.66 67.56
000011 668.33 251.12 30.34 12.60
000011 672.54 42.10 6.11 62.61
000011 678.07 47.66 6.57 58.19
000011 311.09 288.31 36.95 10.35
000011 311.15 149.01 18.95 20.18
000011 794.17 215.66 16.74 22.84
000011 223.20 293.26 38.93 9.82
000011 681.93 249.58 31.81 12.02
000011 695.23 249.27 31.73 12.05
000011 875.00 23.10 23.86 16.03
000011 326.84 277.39 33.69 11.35
000011 847.02 237.67 22.88 16.72
000011 844.22 60.78 22.64 16.89
000011 754.01 36.54 10.15 37.69
000011 752.91 46.61 9.87 38.74
000011 751.00 51.81 9.83 38.92
000011 838.23 59.72 40.07 9.54
000011 716.72 142.25 9.09 42.06
000011 717.47 146.02 8.94 42.79
000011 718.36 45.37 9.26 41.30
000011 718.36 45.37 9.26 41.30
000011 725.43 53.16 9.53 40.13
000011 728.43 54.42 9.51 40.21
000011 728.43 54.42 9.51 40.21
000011 434.14 18.99 8.24 46.40
000011 817.43 70.18 19.28 19.84
000011 817.43 70.18 19.28 19.84
000011 815.03 38.92 19.20 19.92
000011 434.78 18.61 8.36 45.73
000011 150.89 141.71 14.98 25.53
000011 739.39 38.94 9.74 39.28
000011 815.83 100.01 -58.31 -6.56
000011 727.01 156.09 9.11 41.97
000011 723.13 44.64 9.49 40.30
000011 723.13 44.64 9.49 40.30
000011 788.49 246.51 22.13 17.28
000011 260.15 296.04 39.86 9.59
000011 828.14 61.84 20.71 18.47
000011 828.67 29.01 20.33 18.81
000011 118.05 353.01 58.36 6.55
000011 173.86 243.38 46.54 8.22
000011 662.83 227.26 28.67 13.34
000011 749.62 36.66 19.96 19.16
000011 716.14 132.86 9.86 38.79
000011 920.85 69.84 28.60 13.37
000011 551.17 33.21 5.24 72.97
000011 665.01 229.28 30.86 12.39
000011 229.89 303.44 41.57 9.20
000011 669.53 75.21 5.65 67.70
000011 801.02 69.05 18.49 20.68
000011 226.84 277.98 38.96 9.82
000011 900.57 236.70 26.43 14.47
000011 766.20 38.94 10.53 36.33
000011 545.91 12.80 5.59 68.38
000011 899.70 235.91 25.56 14.96
000011 683.04 93.52 7.37 51.90
000011 683.19 85.90 7.11 53.79
000011 756.32 112.33 18.94 20.19
000011 853.98 51.27 22.27 17.18
000011 428.97 5.31 8.05 47.52
000011 317.37 289.84 37.10 10.31
000011 512.63 209.78 13.51 28.31
000011 509.73 13.11 7.84 48.78
000011 805.99 54.87 18.36 20.83
000011 830.56 196.78 22.45 17.03
000011 832.96 61.43 21.11 18.12
000011 440.53 120.33 15.69 24.38
000011 862.49 48.72 22.52 16.98
000011 711.80 49.07 9.28 41.22
000011 545.64 26.23 5.25 72.83
000011 847.30 32.25 22.11 17.30
000011 776.74 173.63 18.29 20.91
000011 829.50 196.67 21.40 17.87
000012 897.85 177.33 11.12 34.58
000012 896.70 173.06 13.23 29.06
000012 890.20 117.41 15.29 25.14
000012 1232.99 226.93 40.68 9.45
000012 922.75 166.22 26.15 14.70
000012 864.29 58.93 11.05 34.78
000012 863.90 59.21 10.67 36.03
000012 293.55 24.68 9.55 40.23
000012 293.64 24.73 9.64 39.86
000012 862.55 3.52 10.43 36.85
000012 862.55 3.52 10.43 36.85
000012 862.50 73.14 10.57 36.37
000012 853.78 12.10 10.00 38.43
000012 1227.36 246.21 39.53 9.72
000012 853.78 12.10 10.00 38.43
000012 853.74 78.30 10.06 38.21
000012 300.39 23.43 8.32 46.21
000012 846.51 12.05 9.22 41.68
000012 845.90 83.12 9.46 40.65
000012 845.90 83.12 9.46 40.65
000012 845.81 20.15 9.42 40.81
000012 844.87 71.82 9.45 40.68
000012 932.60 165.69 16.24 23.67
000012 1220.56 241.77 39.56 9.72
000012 844.16 247.72 26.30 14.61
000012 934.12 159.92 17.01 22.59
000012 934.16 152.10 16.61 23.14
000012 934.29 171.03 16.74 22.95
000012 839.08 25.03 8.99 42.76
000012 837.58 5.61 9.18 41.86
000012 836.07 132.61 10.89 35.28
000012 834.61 89.99 8.52 45.09
000012 833.18 79.91 8.34 46.11
000012 832.35 134.86 10.92 35.21
000012 829.45 37.25 8.17 47.04
000012 941.87 176.36 16.99 22.62
000012 944.99 250.61 34.78 11.05
000012 811.27 36.14 7.47 51.46
000012 808.50 146.27 9.84 39.04
000012 805.51 166.76 22.96 16.74
000012 797.60 97.29 5.19 74.06
000012 797.60 97.29 5.19 74.06
000012 792.30 202.57 22.49 17.09
000012 1180.14 157.91 33.70 11.40
000012 965.39 244.65 37.93 10.13
000012 965.39 244.65 37.93 10.13
000012 1171.68 195.23 37.18 10.34
000012 1171.13 195.68 36.62 10.49
000012 967.74 248.66 38.53 9.98
000012 775.13 205.40 18.71 20.54
000012 774.60 165.82 18.67 20.59
000012 968.11 237.56 39.15 9.82
000012 772.11 189.11 18.09 21.24
000012 772.11 189.11 18.09 21.24
000012 969.70 240.48 38.98 9.86
000012 976.83 145.41 19.56 19.65
000012 976.83 145.41 19.56 19.65
000012 545.20 31.11 5.99 64.14
000012 545.93 7.46 5.58 68.87
000012 545.93 7.46 5.58 68.87
000012 981.99 120.81 19.73 19.49
000012 985.80 132.11 19.92 19.30
000012 554.53 35.19 5.65 68.00
000012 554.53 35.19 5.65 68.00
000012 988.87 60.51 19.25 19.97
000012 988.87 60.51 19.25 19.97
000012 988.96 186.45 20.49 18.76
000012 556.62 38.70 5.70 67.43
000012 556.62 38.70 5.70 67.43
000012 1000.02 207.72 21.75 17.67
000012 1009.20 197.30 22.23 17.29
000012 1046.59 52.65 25.70 14.96
000012 573.48 50.73 5.02 76.60
000012 573.48 50.73 5.02 76.60
000012 1059.97 161.88 25.73 14.94
000012 1061.91 223.90 28.10 13.68
000012 1061.91 223.90 28.10 13.68
000012 1068.91 225.50 29.08 13.22
000012 1068.91 225.50 29.08 13.22
000012 1069.16 29.36 26.75 14.37
000012 1069.16 29.36 26.75 14.37
000012 640.46 162.15 5.95 64.62
000012 612.85 137.51 5.28 72.81
000012 1104.39 117.89 28.60 13.44
000012 1108.20 143.73 28.77 13.36
000012 898.84 141.09 13.35 28.78
000012 591.90 187.02 6.55 58.70
000012 1105.76 125.13 29.04 13.24
000012 897.65 37.52 13.44 28.60
000012 1103.32 137.30 29.20 13.16
000012 1102.99 136.93 28.88 13.31
000012 897.06 148.16 13.44 28.60
000012 896.57 185.28 14.11 27.24
000012 613.28 187.71 6.34 60.60
000012 900.62 111.18 15.75 24.41
000012 1097.64 235.30 31.01 12.40
000012 903.61 186.59 14.44 26.61
000012 893.99 247.83 26.35 14.59
000012 620.58 187.71 6.03 63.76
000012 904.06 167.14 14.45 26.61
000012 904.06 167.14 14.45 26.61
000012 904.06 167.14 14.45 26.61
000012 891.39 167.60 12.80 30.02
000012 1235.83 238.67 39.99 9.61
000012 908.43 163.15 14.31 26.85
000012 1078.96 19.53 27.43 14.02
000012 1075.61 69.54 27.57 13.94
000012 1075.03 240.42 29.20 13.16
000012 1075.03 240.42 29.20 13.16
000012 886.08 123.96 13.80 27.85
000012 1074.88 218.94 29.04 13.24
000012 1070.03 232.68 28.76 13.36
000012 1070.03 232.68 28.76 13.36
000012 882.34 247.84 25.94 14.82
000012 1125.05 222.20 34.32 11.20
000012 881.45 95.35 11.74 32.75
000012 915.87 166.57 15.60 24.64
000012 1068.52 219.83 27.98 13.74
000012 1067.17 40.30 26.08 14.74
000012 650.29 238.74 21.02 18.28
000012 1066.81 240.79 27.99 13.73
000012 915.87 166.57 15.60 24.64
000012 168.11 189.92 16.31 23.56
000012 1065.83 17.27 26.45 14.53
000012 915.87 166.57 15.60 24.64
000012 1233.95 263.81 40.15 9.57
000012 1062.86 228.42 28.24 13.61
000012 1233.47 247.51 39.05 9.84
000012 1062.81 229.15 28.18 13.64
000012 1126.13 243.21 33.70 11.40
000012 1059.68 39.70 25.74 14.93
000012 873.90 257.41 29.31 13.11
000012 1128.66 216.91 34.59 11.11
000012 1128.79 239.37 34.99 10.99
000012 1130.06 222.56 34.63 11.10
000012 918.40 181.77 14.95 25.71
000012 1056.97 255.54 30.66 12.54
000012 664.96 12.39 -123.70 -3.11
000012 1055.20 239.06 27.84 13.80
000012 919.64 184.97 15.21 25.27
000012 1053.13 233.71 27.71 13.87
000012 1050.32 65.57 26.70 14.40
000012 1050.32 65.57 26.70 14.40
000012 1049.50 220.29 27.37 14.05
000012 1049.50 220.29 27.37 14.05
000012 1048.70 214.98 27.42 14.02
000012 565.28 63.38 5.31 72.43
000012 872.06 356.34 64.86 5.93
000012 1045.26 73.96 25.21 15.24
000012 674.24 225.55 16.93 22.70
000012 192.99 189.26 18.26 21.05
000012 1041.58 72.13 24.14 15.92
000012 867.01 64.78 10.97 35.04
000012 866.97 77.66 10.67 36.02
000012 681.59 189.26 5.70 67.42
000012 866.84 52.80 11.01 34.93
000012 1041.36 254.54 30.55 12.58
000012 1040.94 238.30 25.97 14.80
000012 922.92 247.49 27.40 14.03
000012 1034.63 24.48 23.41 16.42
000012 692.24 222.56 16.71 23.00
000012 1033.33 69.31 23.85 16.11
000012 862.59 95.10 10.75 35.76
000012 862.59 95.10 10.75 35.76
000012 296.67 10.39 8.14 47.24
000012 1031.91 64.09 23.59 16.30
000012 1029.99 61.52 23.40 16.43
000012 1029.99 61.52 23.40 16.43
000012 1029.45 99.39 26.59 14.46
000012 1029.21 75.56 23.20 16.57
000012 1027.08 70.01 22.71 16.93
000012 1026.72 59.39 23.07 16.66
000012 1025.76 74.00 23.03 16.69
000012 1025.10 81.46 26.66 14.42
000012 703.10 220.44 16.50 23.30
000012 1021.83 254.18 30.11 12.77
000012 1020.78 94.36 26.80 14.34
000012 859.46 68.50 10.71 35.89
000012 710.32 197.49 11.11 34.61
000012 713.44 193.25 10.50 36.62
000012 713.83 199.16 10.70 35.91
000012 1017.49 91.98 26.93 14.27
000012 1012.07 26.14 21.45 17.92
000012 1012.07 26.14 21.45 17.92
000012 1011.30 269.92 40.20 9.56
000012 857.24 15.84 9.99 38.48
000012 856.19 242.90 26.07 14.75
000012 856.19 242.90 26.07 14.75
000012 1227.86 233.87 40.23 9.55
000012 855.27 116.40 10.78 35.65
000012 723.92 222.27 15.96 24.08
000012 1004.85 194.66 21.71 17.70
000012 1227.21 252.75 39.97 9.62
000012 1004.44 79.94 20.52 18.73
000012 1001.07 190.55 20.75 18.52
000012 852.54 19.27 9.66 39.79
000012 559.92 43.94 4.96 77.51
000012 1140.76 154.27 30.91 12.43
000012 850.37 74.00 9.71 39.59
000012 850.11 201.25 21.27 18.07
000012 849.94 44.98 9.67 39.77
000012 998.09 197.65 21.18 18.15
000012 996.78 183.19 20.61 18.65
000012 848.92 86.76 9.45 40.66
000012 995.74 62.01 20.82 18.46
000012 993.85 153.21 20.08 19.14
000012 736.61 251.47 17.47 22.00
000012 993.68 195.42 21.04 18.27
000012 846.14 241.74 25.71 14.95
000012 845.78 41.46 9.38 40.96
000012 931.73 207.42 26.74 14.37
000012 740.29 207.99 16.28 23.61
000012 845.23 100.01 9.40 40.91
000012 558.09 57.89 5.39 71.32
000012 988.86 268.50 39.15 9.82
000012 988.83 86.55 20.77 18.51
000012 987.50 156.06 19.72 19.49
000012 1150.51 98.98 30.50 12.60
000012 551.74 38.48 5.72 67.19
000012 842.58 146.06 10.65 36.08
000012 840.83 233.47 21.37 17.98
000012 984.31 172.69 20.21 19.02
000012 839.14 83.91 9.21 41.75
000012 548.79 15.88 5.43 70.84
000012 839.14 83.91 9.21 41.75
000012 979.68 333.04 55.66 6.91
000012 979.68 333.04 55.66 6.91
000012 979.57 228.35 39.31 9.78
000012 545.07 15.50 5.36 71.77
000012 544.32 25.41 5.01 76.67
000012 544.32 25.41 5.01 76.67
000012 975.39 253.04 39.70 9.68
000012 836.66 15.85 9.07 42.37
000012 541.95 22.48 5.18 74.15
000012 836.03 237.58 22.19 17.32
000012 974.34 231.08 40.26 9.55
000012 834.38 129.45 11.27 34.10
000012 972.87 150.95 18.91 20.33
000012 1213.18 208.66 38.87 9.89
000012 1111.22 260.66 32.64 11.78
000012 764.77 210.83 18.25 21.07
000012 764.77 210.83 18.25 21.07
000012 831.87 86.42 8.83 43.51
000012 831.71 39.11 -15.54 -24.73
000012 1207.29 193.79 35.67 10.77
000012 969.94 93.01 19.00 20.23
000012 1205.80 152.54 35.54 10.82
000012 941.33 156.43 16.79 22.89
000012 968.47 233.82 38.96 9.86
000012 536.66 3.62 5.54 69.36
000012 826.14 90.56 8.12 47.36
000012 825.88 236.65 23.87 16.10
000012 774.21 221.91 19.51 19.70
000012 825.08 81.50 7.28 52.83
000012 780.81 217.06 20.84 18.45
000012 1202.51 200.97 35.43 10.85
000012 959.03 23.45 17.47 22.00
000012 819.89 138.28 9.57 40.18
000012 787.46 94.59 5.37 71.64
000012 787.74 124.01 -0.36 -1063.42
000012 815.92 49.09 7.38 52.06
000012 796.10 162.17 22.04 17.44
000012 946.99 100.35 13.86 27.74
000012 947.07 62.41 16.99 22.62
000012 947.07 62.41 16.99 22.62
000012 814.49 243.64 24.46 15.72
000012 801.08 82.40 4.99 77.01
000012 948.20 220.50 36.39 10.56
000012 948.35 151.07 17.64 21.79
000012 811.93 184.84 22.93 16.77
000012 811.19 140.47 8.96 42.91
000012 802.14 31.83 5.75 66.89
000012 802.17 163.96 22.40 17.16
000012 802.17 163.96 22.40 17.16
000012 803.14 20.12 5.47 70.26
000012 803.15 217.51 22.71 16.93
000012 803.15 217.51 22.71 16.93
000012 810.47 134.77 5.64 68.16
000012 807.24 192.02 22.59 17.02
000012 807.05 341.66 57.06 6.74
000012 1189.80 266.77 36.98 10.39
000012 807.94 63.59 5.96 64.47
000012 891.33 103.03 143.32 2.68
000012 908.89 257.65 28.96 13.27
000012 955.14 246.93 36.28 10.59
000012 841.35 75.58 8.86 43.39
000012 949.45 270.57 33.37 11.52
000012 1145.06 249.12 34.16 11.25
000012 994.61 245.49 39.59 9.71
000012 880.57 178.97 12.79 30.04
000012 801.12 203.33 22.44 17.13
000012 847.17 65.88 10.29 37.35
000012 1125.61 347.86 59.07 6.51
000012 1066.38 233.60 28.43 13.52
000012 931.23 40.98 16.17 23.78
000012 299.43 28.20 9.50 40.46
000012 874.91 315.63 49.71 7.73
000012 1058.40 238.31 27.69 13.88
000012 958.08 18.97 17.69 21.73
000012 1023.36 258.82 31.10 12.36
000012 1044.52 209.76 26.61 14.44
000012 1030.10 99.95 27.23 14.11
000012 691.65 230.54 19.01 20.22
000012 691.65 230.54 19.01 20.22
000012 1057.50 258.32 31.41 12.24
000012 962.58 4.45 18.10 21.24
000012 1226.06 277.37 40.20 9.56
000012 644.44 169.67 5.89 65.30
000013 658.44 272.56 43.25 8.76
000013 729.39 155.01 44.33 8.55
000013 1217.30 272.26 1198.09 0.32
000013 658.59 196.83 44.70 8.47
000013 621.86 298.08 45.48 8.33
000013 621.86 298.08 45.48 8.33
000013 658.44 272.56 43.25 8.76
000013 387.70 288.81 44.13 8.58
000013 469.96 63.04 18.13 20.90
000013 447.41 274.95 40.03 9.46
000013 681.82 74.96 7.92 47.81
000013 447.41 274.95 40.03 9.46
000013 99.84 144.76 70.73 5.36
000013 748.76 46.02 7.62 49.73
000013 851.22 244.47 38.54 9.83
000013 114.69 145.12 69.65 5.44
000013 726.08 261.14 43.50 8.71
000013 726.08 261.14 43.50 8.71
000013 682.29 170.48 43.89 8.63
000013 626.90 82.29 7.50 50.54
000013 726.03 275.73 43.22 8.76
000013 1194.28 283.85 1175.07 0.32
000013 627.30 81.72 7.90 47.97
000013 627.82 91.27 8.78 43.13
000013 666.06 74.76 7.38 51.33
000013 628.85 217.48 41.85 9.05
000013 680.16 287.41 46.46 8.15
000013 726.03 275.73 43.22 8.76
000013 725.47 73.51 7.76 48.84
000013 679.84 166.59 43.34 8.74
000013 373.53 268.22 42.58 8.90
000013 679.59 44.86 7.44 50.90
000013 744.40 280.96 43.66 8.68
000013 630.26 313.48 49.54 7.65
000013 370.76 272.39 43.58 8.69
000013 965.64 136.55 17.63 21.48
000013 656.03 69.97 7.70 49.18
000013 163.81 321.90 73.76 5.14
000013 487.07 181.28 11.61 32.63
000013 859.96 266.49 39.82 9.51
000013 632.60 107.60 8.27 45.82
000013 859.96 266.49 39.82 9.51
000013 723.22 232.05 43.73 8.66
000013 654.90 86.94 6.96 54.44
000013 723.22 232.05 43.73 8.66
000013 679.12 53.87 7.82 48.47
000013 365.30 285.98 43.75 8.66
000013 365.24 164.14 14.48 26.16
000013 817.94 264.92 37.74 10.04
000013 722.96 280.39 43.02 8.80
000013 738.72 190.44 44.49 8.51
000013 982.63 100.16 10.30 36.78
000013 688.48 43.75 7.81 48.50
000013 493.63 182.02 12.13 31.24
000013 744.40 280.96 43.66 8.68
000013 360.36 285.68 42.83 8.84
000013 688.82 46.25 7.81 48.50
000013 677.61 195.95 43.46 8.72
000013 689.64 33.59 7.63 49.64
000013 195.74 231.39 84.81 4.47
000013 738.53 287.24 43.89 8.63
000013 832.16 243.39 38.95 9.73
000013 690.14 64.64 7.46 50.78
000013 690.29 48.34 7.72 49.09
000013 667.71 83.71 7.21 52.50
000013 690.57 36.15 7.64 49.57
000013 451.83 181.61 11.15 33.96
000013 691.30 225.12 44.48 8.52
000013 811.39 259.72 37.54 10.09
000013 769.09 8.32 9.14 41.43
000013 351.48 280.37 43.28 8.75
000013 719.07 43.12 7.69 49.23
000013 664.55 59.41 7.99 47.40
000013 719.07 43.12 7.69 49.23
000013 676.44 227.47 45.05 8.41
000013 675.37 161.00 43.73 8.66
000013 571.22 175.78 11.03 34.33
000013 668.77 297.05 44.95 8.43
000013 433.61 269.72 39.04 9.70
000013 433.50 185.81 31.20 12.14
000013 718.42 68.54 8.00 47.37
000013 1000.31 135.80 18.33 20.66
000013 809.34 270.28 39.12 9.68
000013 770.90 240.95 41.77 9.07
000013 732.90 275.55 43.50 8.71
000013 401.79 277.96 44.69 8.48
000013 771.01 3.67 9.14 41.42
000013 771.01 3.67 9.14 41.42
000013 771.65 20.07 9.09 41.67
000013 692.56 39.22 7.69 49.24
000013 809.16 270.23 38.93 9.73
000013 717.57 64.65 7.46 50.79
000013 505.43 180.97 11.96 31.66
000013 237.59 266.66 80.42 4.71
000013 732.90 275.55 43.50 8.71
000013 563.52 312.43 49.66 7.63
000013 738.53 287.24 43.89 8.63
000013 715.37 286.78 42.99 8.81
000013 773.91 12.34 9.12 41.54
000013 714.97 36.56 7.73 48.98
000013 844.29 269.54 39.27 9.65
000013 809.12 226.27 37.81 10.02
000013 713.74 284.33 43.35 8.74
000013 674.54 50.03 7.83 48.36
000013 808.32 252.07 37.86 10.00
000013 774.29 36.81 8.13 46.58
000013 693.33 32.72 7.65 49.49
000013 1007.77 135.98 18.06 20.98
000013 661.81 68.82 7.38 51.31
000013 429.17 271.37 39.97 9.48
000013 507.55 178.05 11.82 32.04
000013 428.36 255.98 39.97 9.48
000013 252.05 314.47 64.12 5.91
000013 508.22 178.19 12.49 30.34
000013 735.13 183.28 44.29 8.55
000013 836.92 240.18 38.64 9.80
000013 253.39 178.59 14.90 25.42
000013 807.03 233.95 107.58 3.52
000013 710.46 47.40 7.62 49.68
000013 710.46 47.40 7.62 49.68
000013 776.92 43.25 8.69 43.59
000013 777.08 22.62 9.41 40.25
000013 673.64 255.15 44.68 8.48
000013 695.97 45.95 7.61 49.75
000013 777.08 22.62 9.41 40.25
000013 653.38 274.09 41.90 9.04
000013 513.00 179.24 11.78 32.15
000013 334.49 280.94 41.28 9.18
000013 424.51 260.08 39.62 9.56
000013 805.46 333.80 55.17 6.87
000013 651.52 207.11 43.38 8.73
000013 662.39 223.72 43.95 8.62
000013 650.73 165.45 44.33 8.54
000013 709.35 34.34 7.55 50.20
000013 673.59 251.44 44.36 8.54
000013 709.35 34.34 7.55 50.20
000013 643.30 280.81 41.48 9.13
000013 662.08 62.57 7.88 48.07
000013 670.65 54.04 7.59 49.88
000013 670.96 50.44 7.65 49.51
000013 1127.71 74.89 17.44 21.71
000013 777.63 11.98 9.44 40.14
000013 458.60 268.25 39.61 9.56
000013 799.98 272.05 38.16 9.93
000013 778.38 42.34 8.53 44.40
000013 799.98 272.05 38.16 9.93
000013 546.21 177.13 11.97 31.66
000013 455.94 209.36 32.41 11.69
000013 708.78 285.85 43.20 8.77
000013 736.87 291.65 44.06 8.60
000013 455.94 209.36 32.41 11.69
000013 671.24 227.58 43.97 8.61
000013 325.16 109.27 42.07 9.00
000013 284.61 293.89 46.52 8.14
000013 323.24 105.95 42.14 8.99
000013 285.68 3.06 47.27 8.01
000013 321.11 158.87 17.26 21.95
000013 419.44 271.97 39.54 9.58
000013 321.11 158.87 17.26 21.95
000013 781.40 25.82 8.86 42.77
000013 320.25 111.33 42.50 8.91
000013 1106.90 290.00 44.56 8.50
000013 541.13 55.41 20.70 18.30
000013 648.45 264.37 42.07 9.00
000013 840.10 178.77 38.70 9.79
000013 706.47 60.12 7.50 50.48
000013 793.48 27.67 9.02 42.01
000013 741.59 272.12 42.14 8.99
000013 316.55 110.80 42.97 8.81
000013 737.04 196.54 45.08 8.40
000013 1087.22 135.92 16.63 22.77
000013 790.75 25.18 9.28 40.84
000013 647.94 278.00 41.40 9.15
000013 647.94 278.00 41.40 9.15
000013 647.62 304.80 46.31 8.18
000013 671.65 159.32 44.13 8.58
000013 672.23 72.03 7.63 49.66
000013 702.99 226.43 44.16 8.58
000013 702.75 222.02 44.42 8.53
000013 784.03 43.29 9.04 41.92
000013 702.75 222.02 44.42 8.53
000013 729.66 254.01 43.65 8.68
000013 1215.78 357.66 83.79 4.52
000013 658.34 66.98 7.83 48.39
000013 839.00 187.44 38.85 9.75
000013 610.59 289.98 43.51 8.71
000013 682.61 148.76 -0.00 -124122.31
000013 603.72 293.57 43.81 8.65
000013 629.59 283.55 41.71 9.08
000013 956.58 132.67 16.08 23.55
000013 597.29 354.12 60.89 6.22
000013 597.16 354.10 60.76 6.23
000013 370.95 285.99 43.16 8.78
000013 370.48 251.41 43.23 8.76
000013 318.14 155.18 17.35 21.83
000013 743.23 180.12 43.53 8.70
000013 731.97 80.40 65.27 5.80
000013 816.82 151.36 28.95 13.08
000013 667.13 50.61 7.55 50.16
000013 667.38 67.40 7.67 49.36
000013 667.66 165.99 44.66 8.48
000013 395.23 290.69 44.03 8.60
000013 839.00 187.44 38.85 9.75
000013 358.62 282.15 41.92 9.04
000013 665.83 311.79 48.48 7.81
000013 495.28 360.22 63.68 5.95
000013 282.83 81.63 43.04 8.80
000013 544.15 358.45 7.76 48.84
000013 497.07 321.16 52.41 7.23
000013 833.00 196.81 39.63 9.56
000013 273.25 268.55 45.92 8.25
000013 744.21 246.04 43.42 8.72
000013 640.88 102.09 7.60 49.82
000013 1131.99 295.01 59.53 6.36
000013 1131.99 295.01 59.53 6.36
000013 641.90 269.69 -19.84 -19.09
000013 713.05 59.96 7.44 50.88
000013 711.30 30.93 7.63 49.66
000013 673.79 68.26 7.77 48.77
000013 783.69 33.65 9.07 41.78
000013 478.89 256.23 35.22 10.76
000014 258.00 216.03 161.66 2.34
000014 260.98 200.48 21.71 17.45
000014 261.48 11.41 24.03 15.76
000014 254.38 219.84 15.09 25.10
000014 1168.94 295.35 65.09 5.82
000014 264.74 15.22 23.84 15.89
000014 1164.10 339.14 65.80 5.76
000014 1163.18 320.77 65.49 5.78
000014 1161.84 295.25 65.07 5.82
000014 1161.84 295.25 65.07 5.82
000014 270.64 20.42 22.94 16.51
000014 270.64 20.42 22.94 16.51
000014 1155.34 292.21 65.17 5.81
000014 1155.08 305.14 65.01 5.83
000014 1155.08 305.14 65.01 5.83
000014 1149.26 297.66 65.34 5.80
000014 1145.93 302.81 65.26 5.80
000014 1085.39 230.41 62.76 6.04
000014 272.38 123.33 23.56 16.08
000014 251.93 132.41 22.33 16.97
000014 272.38 123.33 23.56 16.08
000014 973.88 70.91 35.09 10.79
000014 973.88 70.91 35.09 10.79
000014 961.65 87.44 34.73 10.91
000014 278.79 5.27 23.65 16.02
000014 959.38 95.27 33.91 11.17
000014 955.94 332.42 56.98 6.65
000014 279.51 171.95 22.27 17.01
000014 953.79 3.39 37.66 10.06
000014 950.19 14.73 39.95 9.48
000014 279.64 189.99 21.68 17.47
000014 248.13 22.04 23.91 15.84
000014 947.78 25.33 39.11 9.69
000014 281.74 90.44 22.92 16.53
000014 245.36 18.39 23.94 15.82
000014 245.14 160.55 23.00 16.47
000014 943.03 18.11 40.56 9.34
000014 930.48 3.82 38.61 9.81
000014 918.97 249.09 458.42 0.83
000014 24.67 85.93 17.72 21.38
000014 243.12 158.93 22.46 16.87
000014 289.53 6.56 23.52 16.11
000014 899.40 249.56 35.54 10.66
000014 888.70 292.92 42.76 8.86
000014 881.19 290.18 41.73 9.08
000014 881.19 290.18 41.73 9.08
000014 292.35 165.88 22.60 16.76
000014 875.62 31.83 36.40 10.41
000014 875.62 31.83 36.40 10.41
000014 29.65 120.08 18.86 20.08
000014 875.62 31.83 36.40 10.41
000014 875.15 261.22 35.12 10.78
000014 873.85 40.19 36.75 10.31
000014 873.85 40.19 36.75 10.31
000014 868.95 39.06 36.94 10.25
000014 867.40 52.04 36.47 10.39
000014 859.56 49.16 36.38 10.41
000014 293.51 125.40 22.67 16.71
000014 856.15 245.94 28.24 13.41
000014 238.88 179.85 21.39 17.71
000014 237.59 115.06 22.86 16.57
000014 294.42 61.10 22.80 16.61
000014 844.85 285.26 39.79 9.52
000014 844.85 285.26 39.79 9.52
000014 294.80 178.09 22.62 16.75
000014 296.37 190.26 22.74 16.65
000014 296.70 123.68 22.19 17.07
000014 298.05 119.15 22.62 16.75
000014 36.91 115.87 19.68 19.24
000014 300.06 180.46 23.60 16.05
000014 802.59 275.25 36.24 10.45
000014 796.14 246.59 26.95 14.06
000014 779.65 14.30 32.28 11.74
000014 777.48 354.32 59.93 6.32
000014 38.79 98.06 18.09 20.94
000014 302.08 61.69 23.45 16.15
000014 303.17 139.26 23.17 16.35
000014 303.93 121.41 22.51 16.82
000014 772.54 16.66 32.20 11.76
000014 762.81 300.06 42.50 8.91
000014 758.75 263.70 30.79 12.30
000014 756.74 322.01 48.49 7.81
000014 306.98 88.53 22.44 16.88
000014 42.95 78.77 17.57 21.55
000014 42.95 78.77 17.57 21.55
000014 229.75 46.44 22.15 17.10
000014 229.75 46.44 22.15 17.10
000014 308.83 67.85 23.13 16.38
000014 310.73 214.13 22.00 17.22
000014 310.91 122.49 22.57 16.79
000014 311.07 139.45 21.91 17.29
000014 311.44 182.13 22.81 16.61
000014 743.30 291.76 39.52 9.59
000014 742.47 329.03 52.51 7.21
000014 312.96 86.53 20.80 18.21
000014 735.42 259.60 28.75 13.17
000014 735.35 296.37 40.98 9.24
000014 46.30 24.61 18.06 20.97
000014 46.30 24.61 18.06 20.97
000014 735.35 296.37 40.98 9.24
000014 732.86 241.41 23.68 16.00
000014 731.27 291.69 39.66 9.55
000014 730.80 252.99 27.46 13.80
000014 313.59 118.62 21.45 17.66
000014 48.12 113.43 18.22 20.80
000014 48.57 88.61 17.27 21.93
000014 314.64 78.79 21.15 17.91
000014 727.88 297.20 40.63 9.32
000014 50.46 79.53 17.45 21.70
000014 718.08 285.66 39.42 9.61
000014 50.97 104.62 18.39 20.60
000014 50.97 104.62 18.39 20.60
000014 700.42 266.85 28.56 13.26
000014 698.46 203.65 12.13 31.22
000014 56.81 104.12 18.32 20.68
000014 696.73 186.32 11.93 31.76
000014 696.21 163.00 11.90 31.84
000014 57.95 92.07 18.07 20.97
000014 217.76 161.51 22.87 16.57
000014 695.64 167.36 12.11 31.27
000014 324.63 126.46 22.06 17.17
000014 693.70 183.65 12.07 31.39
000014 693.63 187.07 11.99 31.59
000014 693.34 172.05 12.05 31.43
000014 692.97 341.16 54.86 6.90
000014 326.56 31.96 22.58 16.78
000014 692.82 200.59 12.13 31.22
000014 336.90 189.59 21.60 17.54
000014 337.51 60.14 18.70 20.26
000014 690.12 179.12 12.07 31.38
000014 338.17 109.10 20.69 18.31
000014 689.34 153.93 12.10 31.31
000014 689.34 153.93 12.10 31.31
000014 689.21 187.64 12.02 31.51
000014 341.52 18.26 23.61 16.04
000014 65.82 129.81 18.59 20.38
000014 66.27 120.89 18.21 20.80
000014 688.22 193.44 12.12 31.25
000014 67.34 338.90 55.06 6.88
000014 67.40 90.43 18.46 20.52
000014 68.03 134.09 18.44 20.54
000014 68.03 134.09 18.44 20.54
000014 684.02 196.04 12.29 30.83
000014 341.52 18.26 23.61 16.04
000014 683.86 318.42 47.44 7.99
000014 69.05 240.59 -616.75 -0.61
000014 209.96 254.74 25.68 14.75
000014 70.37 126.67 18.47 20.51
000014 71.47 332.80 54.31 6.97
000014 681.51 160.51 11.80 32.10
000014 343.76 112.13 20.88 18.14
000014 343.79 172.16 20.83 18.19
000014 208.51 264.86 28.87 13.12
000014 678.92 328.55 50.67 7.48
000014 344.05 165.69 21.07 17.98
000014 344.91 11.08 23.56 16.08
000014 77.42 190.85 53.04 7.14
000014 348.34 208.09 21.14 17.92
000014 348.63 13.89 23.18 16.34
000014 350.23 156.50 20.88 18.14
000014 201.77 283.39 36.17 10.47
000014 357.39 217.12 20.49 18.49
000014 79.89 184.96 52.87 7.17
000014 79.89 184.96 52.87 7.17
000014 358.43 164.80 21.07 17.98
000014 198.91 110.42 22.22 17.05
000014 363.95 208.52 20.93 18.10
000014 671.72 40.50 8.55 44.30
000014 671.72 40.50 8.55 44.30
000014 82.90 45.64 14.72 25.73
000014 670.33 211.24 24.98 15.16
000014 669.60 302.78 42.89 8.83
000014 364.92 25.22 23.17 16.35
000014 193.45 287.23 36.59 10.35
000014 84.50 84.83 17.03 22.24
000014 368.85 124.69 20.57 18.42
000014 368.85 124.69 20.57 18.42
000014 665.57 241.10 23.49 16.12
000014 372.56 126.38 20.96 18.07
000014 86.89 201.27 52.41 7.23
000014 87.08 358.71 61.62 6.15
000014 372.56 126.38 20.96 18.07
000014 660.94 222.15 17.20 22.03
000014 373.49 194.73 19.80 19.13
000014 374.29 230.73 19.93 19.00
000014 660.05 65.37 8.72 43.46
000014 190.14 146.78 16.27 23.29
000014 375.65 208.60 20.42 18.55
000014 376.38 49.16 21.27 17.81
000014 378.73 218.68 19.77 19.16
000014 380.26 36.62 21.40 17.70
000014 91.20 54.22 15.70 24.12
000014 659.17 297.38 40.55 9.34
000014 658.93 78.37 8.31 45.60
000014 381.59 82.61 18.83 20.12
000014 657.53 36.21 8.63 43.88
000014 93.38 304.30 51.96 7.29
000014 381.59 82.61 18.83 20.12
000014 382.24 204.26 19.88 19.05
000014 94.72 49.90 15.78 24.01
000014 95.51 330.74 50.60 7.49
000014 656.28 304.51 41.25 9.18
000014 96.14 190.82 51.66 7.33
000014 97.04 95.84 16.59 22.83
000014 99.33 233.82 51.98 7.29
000014 654.70 243.58 23.79 15.92
000014 382.53 117.18 20.96 18.07
000014 652.54 54.23 8.29 45.70
000014 99.79 211.68 51.35 7.38
000014 384.14 132.84 21.11 17.94
000014 385.21 224.97 20.33 18.63
000014 101.99 205.43 51.49 7.36
000014 101.99 205.43 51.49 7.36
000014 184.71 290.46 37.69 10.05
000014 102.72 315.27 48.93 7.74
000014 388.74 117.06 21.38 17.71
000014 391.38 226.37 19.26 19.67
000014 646.22 296.85 40.58 9.33
000014 392.92 117.04 20.85 18.17
000014 394.30 10.15 22.25 17.02
000014 641.33 65.61 8.72 43.44
000014 396.91 6.52 22.19 17.07
000014 106.29 260.31 51.59 7.34
000014 638.47 118.10 8.55 44.29
000014 638.43 193.52 -380.07 -1.00
000014 637.99 84.47 8.31 45.56
000014 400.36 53.72 21.40 17.70
000014 637.74 223.58 17.47 21.68
000014 637.45 235.15 20.17 18.78
000014 401.91 7.34 22.12 17.12
000014 406.36 169.85 -788.91 -0.48
000014 109.53 214.11 49.70 7.62
000014 170.15 302.05 41.32 9.17
000014 411.89 124.68 19.74 19.19
000014 625.64 124.13 8.85 42.82
000014 425.92 32.01 22.36 16.94
000014 624.38 305.18 42.54 8.90
000014 166.14 298.05 40.86 9.27
000014 166.14 298.05 40.86 9.27
000014 623.31 225.71 17.08 22.17
000014 440.81 4.83 21.85 17.33
000014 440.98 45.00 21.62 17.52
000014 447.45 154.77 13.60 27.85
000014 618.98 293.55 39.38 9.62
000014 618.98 293.55 39.38 9.62
000014 450.08 22.66 19.96 18.98
000014 454.87 210.51 21.07 17.98
000014 457.88 206.89 20.86 18.16
000014 161.22 304.82 43.52 8.70
000014 116.85 104.02 17.27 21.94
000014 608.13 292.47 38.05 9.96
000014 608.13 292.47 38.05 9.96
000014 476.11 111.99 18.64 20.33
000014 477.33 101.93 17.85 21.22
000014 604.58 293.59 39.57 9.57
000014 604.58 293.59 39.57 9.57
000014 477.33 101.93 17.85 21.22
000014 477.33 101.93 17.85 21.22
000014 477.33 101.93 17.85 21.22
000014 121.02 320.71 50.00 7.58
000014 477.56 116.09 17.85 21.22
000014 477.95 120.66 17.76 21.33
000014 122.88 112.93 16.08 23.56
000014 482.46 38.92 13.99 27.09
000014 573.93 176.19 11.49 32.95
000014 491.95 203.25 15.66 24.18
000014 558.44 198.18 11.76 32.21
000014 492.14 36.80 14.13 26.82
000014 495.13 206.94 15.28 24.79
000014 126.59 102.44 17.00 22.28
000014 499.69 211.44 15.59 24.30
000014 550.89 202.41 12.91 29.34
000014 550.26 182.52 11.53 32.86
000014 549.28 209.96 12.80 29.60
000014 548.74 159.28 7.37 51.41
000014 548.74 159.28 7.37 51.41
000014 503.44 206.91 13.81 27.43
000014 547.65 199.48 12.89 29.39
000014 547.50 183.35 12.73 29.76
000014 543.75 184.13 12.58 30.10
000014 506.87 211.12 13.74 27.57
000014 511.00 183.02 7.88 48.08
000014 511.00 183.02 7.88 48.08
000014 537.93 198.00 11.85 31.97
000014 531.75 176.75 11.21 33.79
000014 513.94 206.86 12.14 31.21
000014 530.78 182.98 10.50 36.07
000014 530.78 182.98 10.50 36.07
000014 519.57 206.78 12.47 30.37
000014 527.70 185.61 11.05 34.29
000014 32.88 92.63 17.44 21.72
000014 32.58 117.20 18.58 20.39
000014 1173.06 309.15 65.21 5.81
000014 548.29 206.45 12.51 30.28
000014 127.82 323.88 47.46 7.98
000014 693.78 176.07 11.83 32.01
000014 692.92 191.95 12.08 31.37
000014 332.89 141.42 21.57 17.56
000014 332.89 141.42 21.57 17.56
000014 333.51 108.95 21.02 18.02
000014 492.54 64.95 13.65 27.75
000014 339.82 193.00 21.51 17.61
000014 343.57 227.78 20.00 18.94
000014 75.74 102.24 18.03 21.01
000014 677.88 316.63 47.34 8.00
000014 677.88 316.63 47.34 8.00
000014 76.05 102.29 18.34 20.66
000014 348.02 167.22 20.91 18.11
000014 348.02 167.22 20.91 18.11
000014 350.70 37.39 23.55 16.08
000014 485.03 59.40 13.43 28.21
000014 675.20 293.89 40.42 9.37
000014 669.73 318.34 46.90 8.08
000014 366.42 14.87 21.07 17.98
000014 248.34 129.80 22.41 16.91
000014 668.32 297.37 40.41 9.37
000014 123.64 116.57 15.56 24.34
000014 644.80 116.55 8.63 43.88
000014 628.84 202.53 10.40 36.43
000014 422.93 19.44 21.46 17.65
000014 111.71 267.74 55.68 6.80
000014 444.79 212.38 17.69 21.41
000014 1159.00 314.21 65.02 5.83
000014 156.55 313.25 44.65 8.48
000014 264.45 167.09 22.01 17.21
000014 1171.19 303.36 64.95 5.83
000014 260.45 178.17 20.83 18.18
000014 573.03 48.77 7.44 50.93
000014 473.79 210.23 17.95 21.11
000014 349.22 232.75 20.58 18.41
000014 612.18 33.98 7.97 47.53
000014 822.62 292.56 42.15 8.99
000014 349.49 71.23 20.85 18.17
000014 943.42 124.10 32.65 11.60
000014 349.49 71.23 20.85 18.17
000014 349.85 165.08 21.04 18.00
000014 623.88 209.65 11.94 31.74
000014 624.33 113.72 8.53 44.43
000014 977.79 6.45 37.63 10.07
000014 168.21 308.06 42.91 8.83
000014 764.24 330.98 51.66 7.33
000014 281.42 28.40 23.56 16.08
000014 629.89 109.95 7.71 49.16
000014 633.15 114.56 8.29 45.71
000014 688.72 149.18 12.00 31.58
000014 407.28 120.36 18.54 20.43
000014 634.47 199.84 9.79 38.71
000014 675.16 10.17 8.81 43.01
000014 675.16 10.17 8.81 43.01
000014 402.93 214.48 19.65 19.27
000014 675.06 36.14 7.76 48.81
000014 573.03 48.77 7.44 50.93
000014 355.47 111.70 20.49 18.49
000014 356.68 174.02 20.95 18.08
000014 275.92 166.73 21.53 17.60
000014 743.20 317.26 48.26 7.85
000014 398.04 206.78 19.48 19.45
000014 339.17 159.37 21.33 17.76
000014 223.84 252.14 25.76 14.71
000014 287.01 171.28 22.75 16.65
000014 333.01 107.31 20.94 18.09
000014 591.91 45.65 8.25 45.93
000014 104.00 54.31 15.52 24.40
000014 49.36 59.69 18.04 21.00
000014 81.50 323.61 52.46 7.22
000014 670.15 29.92 8.02 47.24
000014 364.74 232.08 19.45 19.48
000014 652.37 112.15 8.45 44.84
000014 83.72 54.17 16.79 22.56
000014 89.92 44.34 16.12 23.49
000014 701.01 293.15 40.59 9.33
000014 955.79 261.50 36.86 10.28
000014 949.24 267.16 36.92 10.26
000014 321.13 183.26 22.38 16.92
000014 24.36 73.69 17.42 21.74
000014 1161.44 332.95 65.51 5.78
000014 612.12 41.25 8.09 46.85
000014 405.56 4.77 21.63 17.51
000014 369.35 120.91 20.43 18.54
000014 488.73 62.39 13.92 27.20
000014 690.46 166.25 12.10 31.31
000014 242.83 134.50 22.43 16.89
000015 1222.15 43.61 44.97 8.55
000015 556.86 136.61 21.75 17.67
000015 557.91 116.34 21.74 17.68
000015 1211.22 45.88 44.87 8.57
000015 1201.59 48.69 24.41 15.75
000015 1183.14 52.67 16.79 22.89
000015 545.48 109.67 23.74 16.19
000015 1160.69 36.97 37.67 10.20
000015 568.43 68.45 20.31 18.93
000015 1143.87 10.47 114.52 3.36
000015 1142.17 63.69 -35.01 -10.98
000015 569.61 71.87 20.27 18.97
000015 1134.40 65.65 -42.78 -8.99
000015 1130.80 41.30 35.78 10.74
000015 1128.94 10.90 35.90 10.71
000015 529.93 216.86 16.94 22.69
000015 1120.19 17.11 35.35 10.87
000015 1117.69 43.98 35.49 10.83
000015 1114.23 70.75 -62.95 -6.11
000015 1110.79 15.05 34.10 11.27
000015 583.63 113.07 17.88 21.50
000015 1110.00 29.64 35.02 10.98
000015 1109.24 23.98 34.29 11.21
000015 1103.76 14.44 34.12 11.26
000015 1089.90 57.89 32.51 11.82
000015 1066.63 124.31 48.52 7.92
000015 1062.23 55.51 32.16 11.95
000015 1058.38 121.14 40.27 9.54
000015 596.66 151.36 15.28 25.16
000015 1052.43 65.19 30.47 12.61
000015 606.35 101.13 8.07 47.63
000015 101.05 93.19 33.01 11.64
000015 611.16 53.82 7.95 48.34
000015 498.56 113.55 29.63 12.97
000015 496.80 111.14 30.57 12.57
000015 109.25 79.60 34.03 11.30
000015 614.12 40.72 7.89 48.70
000015 109.83 93.58 35.30 10.89
000015 496.29 48.42 29.38 13.08
000015 492.71 118.15 27.99 13.73
000015 616.62 11.81 8.80 43.69
000015 997.63 6.46 21.81 17.62
000015 996.03 43.86 22.32 17.22
000015 995.36 18.78 22.18 17.33
000015 993.15 10.75 22.36 17.19
000015 988.85 23.79 22.76 16.89
000015 489.14 94.56 32.02 12.00
000015 488.46 129.00 38.62 9.95
000015 617.88 99.35 9.32 41.26
000015 987.81 99.05 38.06 10.10
000015 618.47 235.66 105.24 3.65
000015 982.57 12.40 21.95 17.51
000015 124.54 80.20 35.84 10.72
000015 982.56 88.91 37.46 10.26
000015 126.82 87.97 33.94 11.32
000015 619.85 25.58 8.00 48.06
000015 478.09 71.43 33.74 11.39
000015 981.42 7.45 22.13 17.37
000015 132.02 94.23 33.56 11.45
000015 476.23 90.66 34.39 11.18
000015 625.21 195.48 9.49 40.51
000015 977.20 47.22 -120.92 -3.18
000015 469.81 145.09 34.95 11.00
000015 143.74 37.68 37.34 10.29
000015 143.74 37.68 37.34 10.29
000015 468.86 89.75 35.03 10.97
000015 467.97 85.08 34.65 11.09
000015 149.57 103.19 37.60 10.22
000015 465.25 98.14 35.12 10.94
000015 960.56 45.72 36.57 10.51
000015 958.58 3.31 37.30 10.31
000015 155.51 116.09 37.89 10.14
000015 640.08 190.03 7.61 50.52
000015 460.28 121.13 36.94 10.40
000015 952.95 86.43 38.35 10.02
000015 951.88 94.63 38.27 10.04
000015 458.06 93.76 36.44 10.55
000015 158.28 208.85 31.78 12.09
000015 158.62 57.39 37.74 10.18
000015 944.96 32.89 38.82 9.90
000015 165.32 62.37 37.72 10.19
000015 454.59 138.35 37.65 10.21
000015 171.18 62.11 37.55 10.24
000015 171.54 87.73 39.19 9.81
000015 173.67 67.51 38.28 10.04
000015 452.86 119.53 37.90 10.14
000015 452.86 119.53 37.90 10.14
000015 177.05 349.01 59.92 6.41
000015 452.26 116.07 37.54 10.24
000015 178.97 67.59 37.73 10.19
000015 179.05 61.83 37.89 10.14
000015 449.91 123.95 38.13 10.08
000015 659.60 95.49 -99.82 -3.85
000015 183.54 194.85 33.97 11.32
000015 928.16 230.03 29.55 13.01
000015 928.16 230.03 29.55 13.01
000015 199.25 56.79 38.28 10.04
000015 200.54 51.25 38.16 10.07
000015 202.74 54.99 38.26 10.05
000015 202.88 104.56 37.94 10.13
000015 443.30 101.89 36.90 10.42
000015 206.64 52.56 38.09 10.09
000015 206.64 52.56 38.09 10.09
000015 441.59 117.33 39.51 9.73
000015 441.59 117.33 39.51 9.73
000015 212.57 62.21 38.23 10.06
000015 439.83 96.39 40.30 9.54
000015 439.16 96.62 39.63 9.70
000015 438.79 119.86 39.80 9.66
000015 666.81 324.05 46.81 8.21
000015 221.10 264.03 32.77 11.73
000015 438.22 116.17 40.20 9.56
000015 225.53 50.66 38.41 10.01
000015 225.53 50.66 38.41 10.01
000015 438.22 116.17 40.20 9.56
000015 666.81 324.05 46.81 8.21
000015 436.67 110.35 40.17 9.57
000015 673.39 179.35 5.20 73.92
000015 237.75 53.08 38.21 10.06
000015 243.52 53.06 38.68 9.94
000015 857.85 5.65 8.45 45.47
000015 856.99 127.57 14.18 27.11
000015 247.67 54.37 38.61 9.96
000015 247.67 54.37 38.61 9.96
000015 853.55 10.34 8.63 44.56
000015 679.98 186.39 5.60 68.69
000015 259.40 106.06 38.82 9.90
000015 835.42 20.41 7.27 52.85
000015 685.17 183.67 4.91 78.25
000015 424.09 191.10 27.22 14.12
000015 686.25 332.49 -17.55 -21.91
000015 830.32 20.73 6.54 58.73
000015 264.23 49.16 39.05 9.84
000015 830.32 20.73 6.54 58.73
000015 830.22 21.14 6.44 59.66
000015 829.70 107.01 14.78 26.00
000015 422.90 232.47 27.24 14.11
000015 265.69 54.62 38.75 9.92
000015 266.44 63.33 38.66 9.94
000015 270.89 54.20 38.71 9.93
000015 418.33 113.87 40.39 9.52
000015 418.33 113.87 40.39 9.52
000015 273.65 56.70 -249.45 -1.54
000015 274.45 112.00 38.40 10.01
000015 275.87 81.99 38.62 9.95
000015 275.87 81.99 38.62 9.95
000015 276.34 59.60 38.10 10.09
000015 277.62 63.77 39.12 9.82
000015 694.01 58.74 8.54 45.03
000015 278.52 80.86 39.01 9.85
000015 694.01 58.74 8.54 45.03
000015 694.01 58.74 8.54 45.03
000015 279.56 105.90 39.08 9.84
000015 282.88 111.92 38.52 9.98
000015 808.43 32.46 8.54 45.03
000015 807.64 50.26 9.53 40.35
000015 284.71 52.61 38.96 9.87
000015 284.98 58.97 39.12 9.82
000015 806.93 44.71 8.65 44.42
000015 806.93 44.71 8.65 44.42
000015 806.68 30.05 8.96 42.88
000015 802.73 53.29 11.28 34.09
000015 703.81 159.43 5.57 69.02
000015 709.40 177.04 5.21 73.77
000015 289.39 105.28 39.30 9.78
000015 710.06 159.62 5.19 74.08
000015 798.60 130.37 10.06 38.19
000015 798.60 130.37 10.06 38.19
000015 798.58 109.36 10.54 36.46
000015 711.43 121.86 4.88 78.72
000015 795.64 115.38 10.30 37.33
000015 291.91 46.47 38.80 9.91
000015 795.64 115.38 10.30 37.33
000015 794.90 47.81 8.22 46.76
000015 794.90 47.81 8.22 46.76
000015 711.43 121.86 4.88 78.72
000015 793.85 56.60 10.44 36.81
000015 712.39 90.66 5.84 65.83
000015 792.99 132.93 9.36 41.05
000015 792.99 132.93 9.36 41.05
000015 717.56 164.09 4.85 79.20
000015 790.96 124.51 10.04 38.30
000015 309.38 73.20 38.75 9.92
000015 789.00 146.70 9.44 40.70
000015 788.79 56.51 8.74 43.98
000015 788.78 56.38 8.73 44.05
000015 788.39 48.75 8.03 47.84
000015 787.02 55.63 8.83 43.53
000015 394.43 233.06 27.73 13.86
000015 723.16 167.91 5.47 70.30
000015 320.81 122.38 39.55 9.72
000015 321.02 113.01 39.53 9.72
000015 779.06 51.81 5.46 70.44
000015 778.94 153.40 8.50 45.24
000015 778.78 45.70 5.94 64.68
000015 778.08 143.13 8.51 45.17
000015 390.93 237.17 29.58 12.99
000015 390.93 237.17 29.58 12.99
000015 725.66 163.15 5.52 69.62
000015 728.16 99.17 5.25 73.23
000015 776.81 147.42 8.33 46.14
000015 776.38 55.11 6.26 61.42
000015 775.68 119.07 16.26 23.64
000015 329.23 94.28 35.59 10.80
000015 773.65 78.42 8.37 45.93
000015 772.31 62.91 6.63 57.94
000015 769.98 82.43 6.91 55.65
000015 336.41 89.16 35.46 10.84
000015 336.41 89.16 35.46 10.84
000015 767.16 93.69 7.52 51.11
000015 737.21 157.89 6.15 62.52
000015 763.77 73.10 6.53 58.86
000015 760.42 65.13 7.63 50.36
000015 740.90 156.93 5.67 67.73
000015 759.72 142.30 5.14 74.72
000015 758.69 104.61 6.82 56.33
000015 372.89 241.40 34.54 11.13
000015 742.35 79.16 5.81 66.11
000015 747.44 76.42 5.81 66.14
000015 523.25 134.92 32.17 11.95
000015 523.25 134.92 32.17 11.95
000015 840.33 16.61 7.70 49.89
000015 643.51 188.40 7.77 49.47
000015 182.28 57.79 37.95 10.13
